1004.6
26.412
119.39
49.04
10.449
0.00013628
-61.373
-59.437
1006.2
27.929
117.81
47.581
10.712
0.00014633
-61.484
-59.571
1085.6
25.867
119.91
49.725
10.461
0.00013522
-61.449
-59.517
1109
26.632
119.18
48.988
10.643
0.00014144
-61.004
-58.849
493.76
31.788
113.85
43.127
10.064
0.00013844
-61.278
-59.288
1036.3
25.961
119.85
49.542
10.408
0.00013423
-61.437
-59.519
933.66
25.199
120.58
50.134
10.067
0.00012481
-61.362
-59.455
120.7
120.68
120.67
120.69
120.67
120.68
120.7
120.69
120.69
120.7
120.65
120.65
120.66
120.69
120.7
120.66
120.7
120.66
120.69
4.7275
4.7252
4.7226
4.7281
4.7258
4.7288
4.7276
4.7253
4.7283
4.7278
4.7135
4.7158
4.7154
4.7262
4.7284
4.7169
4.7288
4.7187
4.7291
125.47
125.41
125.35
125.47
125.41
125.47
125.47
125.42
125.48
125.48
125.16
125.21
125.21
125.44
125.49
125.24
125.5
125.26
125.49
