5584
20
21
22
23
24
25
26
27
28
29
30
31
37
38
39
40
41
42
48
49
50
51
52
53
92
93
94
95
96
97
104
105
106
107
108
115
116
117
118
119
120
121
136
138
148
149
150
151
152
153
154
160
161
162
163
164
165
179
180
181
182
183
184
185
188
190
191
192
231
232
233
234
235
236
237
238
239
240
241
242
243
244
245
246
247
248
249
250
263
264
265
266
267
268
279
280
282
314
315
316
317
318
319
320
321
322
323
324
325
326
327
328
329
330
331
332
333
334
335
336
337
338
339
344
345
346
347
348
349
350
351
352
353
354
355
356
357
358
359
360
361
362
363
364
365
366
367
368
369
370
371
372
373
374
375
376
377
378
379
380
381
382
383
384
385
386
387
388
389
390
391
392
393
394
398
400
414
415
416
417
418
419
420
421
422
423
424
425
426
427
428
429
430
431
432
433
434
435
436
437
438
439
440
441
442
443
444
445
446
447
448
449
450
451
452
453
454
455
456
457
458
459
460
461
462
463
470
471
472
473
474
475
476
477
478
479
480
490
491
499
500
501
502
503
504
511
512
513
514
515
516
517
518
519
520
521
522
523
524
525
526
527
528
529
536
537
538
539
540
541
542
543
551
552
553
554
555
556
562
563
564
565
566
567
568
569
570
571
572
573
580
581
582
583
584
585
586
587
588
589
590
597
598
599
600
601
602
603
604
605
606
607
608
609
610
611
612
613
614
615
616
617
618
619
620
621
622
623
624
625
626
627
645
646
647
648
649
650
651
652
653
654
655
656
657
658
659
660
661
662
663
670
671
672
673
674
675
676
677
678
679
680
681
682
688
689
690
691
692
693
694
701
702
703
704
705
706
707
708
709
710
711
712
713
720
721
722
723
724
725
726
727
728
729
730
731
732
733
734
735
736
737
738
739
740
741
742
743
744
752
753
754
755
756
757
758
759
760
761
762
763
764
765
766
767
768
774
775
776
777
778
779
780
781
782
783
784
785
786
787
788
789
790
791
792
793
794
807
808
809
810
811
812
825
826
827
828
829
830
831
836
837
838
839
840
841
842
843
844
845
846
847
848
849
850
851
858
859
860
861
862
863
872
873
874
875
876
877
878
889
890
891
892
893
894
895
896
897
898
899
900
912
913
921
922
923
924
925
926
940
941
942
943
944
945
946
947
948
949
950
951
952
953
954
955
956
957
958
959
960
961
968
969
970
971
972
973
980
981
982
983
984
985
986
987
988
989
990
991
992
993
994
995
996
997
1005
1006
1009
1011
1012
1013
1014
1015
1016
1017
1018
1019
1020
1021
1022
1023
1024
1025
1026
1027
1028
1029
1030
1031
1032
1033
1040
1041
1042
1043
1044
1045
1046
1047
1048
1049
1050
1051
1052
1053
1054
1055
1056
1057
1058
1059
1060
1061
1062
1063
1064
1071
1072
1074
1075
1077
1078
1079
1080
1081
1082
1083
1084
1085
1086
1087
1088
1089
1090
1091
1092
1093
1094
1095
1096
1097
1098
1099
1100
1101
1102
1103
1104
1105
1106
1107
1108
1109
1110
1111
1112
1126
1127
1128
1129
1130
1131
1132
1133
1134
1137
1138
1139
1140
1141
1142
1143
1144
1145
1146
1147
1149
1150
1164
1165
1166
1167
1168
1178
1179
1181
1183
1184
1185
1186
1187
1188
1190
1192
1193
1194
1195
1196
1197
1198
1199
1200
1208
1209
1210
1211
1212
1213
1214
1221
1222
1223
1224
1225
1226
1227
1228
1229
1230
1231
1232
1239
1240
1241
1242
1243
1244
1258
1259
1260
1261
1262
1263
1264
1265
1266
1267
1268
1269
1270
1271
1272
1273
1274
1275
1276
1277
1278
1279
1280
1281
1282
1298
1299
1300
1301
1302
1303
1304
1305
1306
1307
1308
1309
1310
1311
1319
1320
1321
1322
1323
1324
1325
1326
1327
1328
1329
1330
1331
1332
1335
1344
1345
1346
1347
1348
1349
1356
1357
1362
1363
1364
1365
1366
1367
1368
1369
1370
1371
1372
1373
1394
1396
1397
1400
1401
1402
1403
1404
1405
1406
1420
1421
1422
1423
1424
1425
1426
1427
1428
1429
1430
1431
1432
1433
1434
1435
1436
1437
1438
1439
1446
1447
1448
1449
1450
1451
1452
1453
1454
1455
1456
1457
1458
1459
1460
1461
1462
1463
1464
1470
1471
1472
1473
1474
1475
1476
1484
1485
1486
1487
1488
1489
1499
1500
1501
1502
1503
1504
1505
1506
1507
1508
1509
1510
1511
1512
1513
1514
1515
1522
1523
1524
1525
1526
1528
1533
1534
1535
1536
1537
1538
1539
1541
1542
1544
1545
1546
1547
1548
1549
1550
1551
1552
1553
1554
1555
1556
1557
1572
1573
1574
1575
1576
1577
1584
1585
1586
1587
1588
1589
1590
1591
1592
1593
1594
1595
1596
1597
1598
1599
1600
1601
1602
1603
1604
1605
1606
1607
1608
1609
1610
1611
1612
1613
1614
1615
1616
1617
1618
1619
1620
1621
1622
1623
1624
1625
1645
1647
1649
1651
1652
1653
1654
1655
1656
1657
1658
1665
1666
1667
1668
1669
1670
1671
1672
1673
1674
1675
1676
1677
1678
1679
1680
1681
1682
1683
1684
1685
1686
1687
1688
1689
1690
1691
1692
1693
1694
1695
1708
1709
1710
1711
1712
1713
1714
1715
1716
1719
1720
1728
1729
1730
1731
1732
1733
1741
1742
1743
1744
1745
1746
1747
1748
1749
1750
1751
1752
1753
1754
1755
1756
1757
1758
1759
1760
1761
1762
1769
1770
1771
1772
1773
1774
1775
1782
1783
1784
1785
1786
1793
1794
1795
1796
1797
1815
1816
1817
1818
1819
1820
1821
1829
1830
1831
1832
1833
1834
1835
1836
1837
1838
1839
1840
1841
1842
1843
1844
1845
1846
1847
1848
1849
1850
1851
1852
1853
1854
1855
1856
1857
1858
1859
1860
1861
1862
1863
1864
1876
1877
1878
1879
1880
1906
1907
1908
1909
1910
1911
1926
1927
1928
1929
1930
1931
1932
1933
1934
1935
1936
1937
1938
1939
1940
1941
1942
1943
1944
1945
1946
1947
1948
1954
1955
1956
1957
1958
1964
1965
1967
1969
1970
1983
1984
1985
1986
1987
1988
1989
1990
1998
1999
2000
2001
2002
2003
2004
2005
2006
2007
2038
2039
2040
2041
2042
2043
2044
2045
2046
2047
2048
2049
2050
2051
2052
2069
2070
2071
2072
2073
2074
2075
2076
2077
2078
2079
2080
2081
2082
2083
2084
2085
2086
2087
2088
2089
2090
2091
2092
2093
2094
2095
2100
2101
2102
2103
2104
2105
2106
2107
2108
2109
2110
2111
2112
2113
2114
2121
2122
2123
2124
2125
2126
2127
2128
2129
2130
2131
2132
2133
2134
2135
2136
2137
2138
2152
2153
2154
2155
2156
2157
2158
2159
2160
2161
2162
2181
2182
2183
2184
2185
2186
2187
2188
2189
2190
2191
2192
2200
2201
2202
2203
2204
2205
2206
2207
2208
2209
2210
2235
2236
2237
2238
2239
2240
2241
2242
2243
2244
2249
2250
2251
2252
2253
2254
2255
2256
2257
2258
2259
2260
2261
2262
2276
2277
2278
2279
2280
2281
2282
2283
2284
2285
2288
2291
2292
2293
2294
2295
2300
2301
2302
2303
2304
2305
2317
2318
2334
2335
2336
2337
2338
2357
2358
2359
2360
2361
2362
2363
2364
2365
2377
2378
2379
2380
2381
2382
2383
2384
2385
2386
2387
2394
2395
2396
2397
2398
2399
2400
2401
2402
2403
2404
2405
2406
2420
2421
2424
2439
2440
2441
2442
2443
2444
2447
2449
2450
2451
2452
2453
2454
2455
2456
2457
2464
2465
2466
2467
2468
2469
2475
2476
2477
2478
2479
2480
2481
2482
2483
2484
2485
2486
2487
2488
2489
2490
2491
2498
2499
2500
2501
2502
2503
2504
2505
2529
2530
2531
2532
2533
2540
2541
2542
2543
2544
2558
2559
2560
2561
2562
2563
2567
2568
2569
2570
2571
2572
2573
2580
2581
2582
2583
2584
2585
2586
2587
2588
2589
2590
2595
2596
2597
2598
2599
2600
2601
2615
2616
2617
2618
2619
2620
2621
2622
2623
2624
2625
2626
2627
2628
2629
2630
2631
2632
2633
2634
2635
2636
2637
2645
2646
2647
2648
2649
2655
2656
2657
2658
2659
2660
2661
2662
2663
2664
2665
2666
2667
2668
2669
2670
2671
2672
2673
2674
2675
2676
2677
2678
2679
2680
2681
2682
2683
2684
2685
2692
2693
2694
2695
2696
2697
2698
2699
2700
2701
2702
2703
2704
2705
2706
2707
2708
2709
2710
2711
2712
2713
2714
2715
2716
2730
2731
2732
2733
2734
2735
2745
2748
2749
2750
2751
2752
2753
2761
2762
2763
2764
2765
2766
2767
2768
2769
2770
2771
2772
2773
2774
2775
2776
2777
2778
2779
2780
2781
2782
2783
2784
2785
2786
2788
2789
2790
2791
2792
2793
2794
2795
2796
2810
2811
2812
2813
2814
2815
2816
2817
2818
2819
2820
2821
2822
2823
2824
2825
2826
2841
2842
2843
2844
2845
2846
2847
2848
2849
2850
2851
2852
2853
2854
2855
2856
2857
2858
2859
2860
2867
2868
2869
2870
2871
2872
2873
2874
2875
2876
2877
2878
2879
2885
2886
2887
2888
2889
2890
2891
2892
2893
2894
2895
2896
2897
2898
2899
2900
2901
2902
2903
2904
2905
2906
2907
2908
2909
2910
2911
2912
2913
2914
2915
2916
2917
2918
2919
2920
2921
2922
2926
2928
2930
2931
2932
2933
2934
2935
2936
2943
2944
2945
2946
2947
2948
2949
2956
2957
2958
2959
2960
2961
2962
2963
2964
2965
2966
2973
2974
2975
2976
2977
2978
2991
2992
2993
2994
2995
2996
2997
2998
2999
3000
3001
3002
3003
3004
3005
3013
3014
3015
3016
3017
3018
3026
3027
3028
3029
3030
3031
3032
3037
3038
3039
3040
3041
3042
3043
3045
3046
3052
3053
3054
3055
3056
3057
3058
3059
3060
3061
3062
3063
3064
3065
3066
3073
3074
3075
3076
3077
3078
3079
3080
3081
3082
3083
3084
3093
3094
3095
3096
3097
3098
3099
3100
3101
3102
3103
3104
3105
3106
3107
3108
3109
3110
3111
3112
3113
3114
3115
3116
3117
3118
3119
3120
3121
3122
3123
3124
3125
3126
3127
3128
3129
3130
3174
3175
3176
3177
3178
3179
3185
3186
3187
3188
3189
3190
3191
3192
3193
3194
3195
3196
3197
3203
3204
3205
3206
3207
3208
3238
3239
3240
3241
3242
3243
3276
3277
3280
3282
3284
3285
3286
3287
3288
3289
3290
3291
3292
3293
3294
3295
3296
3297
3307
3308
3309
3310
3311
3312
3313
3314
3315
3316
3317
3318
3319
3326
3327
3328
3329
3330
3331
3332
3333
3334
3335
3336
3337
3338
3343
3344
3345
3346
3347
3348
3349
3350
3351
3352
3353
3354
3355
3356
3357
3358
3359
3373
3374
3375
3376
3377
3378
3379
3380
3381
3382
3383
3384
3427
3428
3431
3433
3434
3435
3436
3437
3438
3439
3442
3446
3453
3454
3455
3456
3457
3458
3478
3479
3480
3481
3482
3483
3484
3492
3494
3495
3496
3498
3501
3504
3505
3506
3507
3508
3509
3510
3524
3525
3526
3531
3532
3533
3534
3535
3536
3555
3556
3557
3558
3559
3569
3570
3571
3572
3573
3574
3575
3589
3590
3591
3592
3593
3594
3595
3596
3599
3600
3602
3603
3604
3605
3606
3607
3608
3609
3610
3611
3612
3615
3616
3618
3619
3620
3621
3622
3623
3624
3625
3626
3627
3628
3629
3630
3631
3632
3633
3634
3635
3636
3637
3638
3639
3640
3641
3642
3643
3644
3645
3646
3647
3648
3649
3650
3664
3665
3666
3667
3668
3669
3671
3672
3673
3674
3675
3676
3677
3678
3679
3680
3681
3682
3683
3684
3691
3692
3693
3694
3695
3696
3697
3698
3699
3700
3701
3702
3703
3704
3705
3706
3707
3708
3709
3710
3711
3712
3713
3714
3715
3716
3717
3718
3719
3720
3721
3722
3729
3730
3731
3732
3733
3734
3737
3738
3739
3778
3779
3780
3781
3782
3783
3784
3785
3786
3787
3788
3789
3790
3799
3800
3801
3802
3803
3804
3805
3806
3807
3808
3809
3810
3811
3816
3819
3820
3821
3822
3823
3824
3825
3826
3827
3828
3829
3830
3831
3832
3833
3834
3835
3836
3837
3838
3839
3840
3848
3849
3850
3851
3852
3853
3854
3856
3857
3861
3862
3863
3864
3865
3866
3867
3868
3869
3870
3871
3872
3873
3874
3875
3876
3877
3878
3879
3880
3881
3882
3883
3884
3885
3886
3887
3888
3889
3890
3891
3892
3893
3894
3895
3896
3897
3898
3899
3900
3901
3902
3903
3904
3905
3913
3914
3915
3916
3917
3918
3919
3920
3921
3922
3923
3924
3925
3926
3927
3928
3929
3930
3931
3932
3933
3934
3935
3936
3937
3938
3939
3940
3941
3948
3949
3950
3951
3952
3953
3954
3955
3956
3957
3958
3959
3960
3961
3962
3963
3964
3965
3966
3967
3968
3969
3970
3971
3972
3973
3974
3975
3976
3977
3978
3979
3980
3981
3982
3983
3984
3985
3986
3987
3988
3989
3990
3991
3992
3999
4000
4001
4002
4003
4004
4005
4016
4017
4018
4019
4020
4021
4022
4023
4024
4025
4026
4027
4028
4035
4036
4037
4038
4039
4040
4041
4042
4043
4044
4045
4046
4050
4051
4052
4053
4054
4055
4056
4057
4058
4059
4060
4061
4062
4063
4064
4065
4066
4067
4068
4069
4070
4071
4072
4073
4074
4077
4080
4081
4082
4083
4084
4085
4086
4087
4088
4089
4090
4091
4092
4093
4094
4095
4096
4097
4098
4099
4100
4107
4108
4109
4110
4111
4112
4113
4114
4115
4116
4117
4118
4119
4120
4121
4122
4123
4124
4126
4128
4130
4131
4132
4133
4134
4135
4143
4144
4145
4146
4147
4148
4149
4150
4151
4152
4153
4154
4155
4156
4157
4158
4159
4160
4161
4162
4163
4164
4165
4166
4167
4168
4199
4200
4201
4202
4203
4204
4210
4211
4212
4213
4214
4215
4216
4223
4224
4225
4226
4227
4228
4229
4245
4246
4247
4248
4249
4250
4251
4252
4253
4254
4255
4256
4257
4258
4259
4260
4261
4262
4263
4271
4272
4273
4274
4275
4276
4277
4278
4279
4280
4281
4282
4283
4284
4285
4286
4287
4299
4300
4301
4302
4303
4304
4305
4306
4307
4308
4309
4310
4311
4312
4326
4327
4328
4329
4330
4331
4332
4333
4334
4335
4336
4337
4338
4339
4340
4341
4342
4343
4344
4345
4358
4359
4360
4361
4362
4363
4364
4365
4366
4367
4368
4369
4370
4371
4372
4397
4398
4399
4400
4401
4402
4403
4405
4406
4407
4412
4413
4433
4436
4437
4438
4439
4440
4441
4442
4452
4453
4454
4455
4456
4458
4461
4462
4463
4464
4465
4466
4467
4468
4469
4470
4471
4472
4473
4481
4482
4483
4484
4485
4486
4487
4488
4489
4490
4491
4492
4493
4494
4495
4496
4497
4498
4506
4507
4508
4509
4510
4511
4512
4542
4543
4544
4545
4546
4547
4555
4556
4557
4558
4559
4560
4568
4569
4581
4582
4583
4584
4585
4586
4587
4588
4593
4594
4595
4596
4597
4598
4599
4606
4607
4608
4609
4610
4611
4624
4626
4630
4631
4632
4633
4634
4635
4636
4637
4638
4639
4640
4641
4642
4643
4652
4653
4654
4655
4656
4657
4658
4673
4674
4675
4676
4677
4678
4679
4680
4681
4682
4683
4684
4685
4686
4687
4688
4689
4690
4691
4692
4693
4694
4695
4696
4699
4700
4701
4702
4703
4704
4705
4706
4727
4728
4729
4730
4731
4732
4739
4743
4744
4745
4746
4747
4748
4749
4750
4751
4766
4767
4768
4769
4770
4771
4772
4773
4774
4775
4776
4777
4789
4790
4791
4792
4793
4794
4814
4815
4816
4817
4818
4819
4820
4821
4822
4823
4824
4825
4826
4827
4828
4829
4830
4831
4832
4833
4834
4835
4836
4837
4838
4851
4852
4853
4854
4855
4856
4857
4858
4859
4860
4861
4862
4868
4869
4870
4871
4872
4881
4882
4883
4884
4885
4886
4887
4888
4889
4890
4891
4892
4900
4901
4902
4903
4904
4905
4913
4914
4915
4916
4917
4918
4937
4938
4939
4940
4941
4942
4943
4944
4945
4946
4947
4948
4949
4950
4951
4952
4953
4954
4961
4962
4963
4965
4966
4967
4984
4985
4986
4987
4988
4989
4990
4991
4992
4993
4994
4995
4996
4997
4998
4999
5000
5007
5008
5009
5010
5011
5012
5013
5038
5039
5040
5041
5042
5043
5044
5045
5046
5047
5048
5049
5056
5057
5058
5059
5060
5061
5062
5063
5064
5065
5066
5067
5068
5076
5077
5078
5079
5080
5081
5082
5083
5084
5085
5086
5087
5103
5104
5105
5106
5107
5112
5113
5114
5121
5122
5123
5124
5125
5126
5127
5128
5129
5130
5131
5132
5138
5139
5140
5141
5142
5143
5144
5145
5146
5147
5148
5149
5150
5157
5158
5159
5160
5161
5162
5167
5168
5169
5170
5171
5172
5173
5174
5175
5176
5177
5178
5189
5190
5191
5192
5193
5194
5195
5196
5197
5198
5199
5200
5201
5202
5203
5204
5205
5206
5225
5226
5227
5228
5229
5230
5231
5232
5233
5234
5235
5236
5243
5244
5245
5246
5247
5248
5249
5250
5251
5252
5253
5254
5255
5259
5261
5262
5263
5264
5265
5266
5271
5272
5273
5274
5275
5276
5277
5278
5279
5280
5281
5282
5283
5284
5285
5286
5287
5288
5289
5290
5291
5292
5293
5294
5295
5309
5310
5311
5312
5313
5314
5315
5316
5317
5318
5319
5320
5321
5322
5323
5324
5325
5332
5333
5334
5335
5336
5337
5338
5339
5340
5341
5342
5343
5344
5345
5346
5347
5348
5349
5356
5357
5358
5359
5360
5361
5369
5370
5371
5372
5373
5374
5375
5376
5377
5378
5379
5380
5381
5382
5383
5384
5385
5386
5387
5456
5457
5473
5474
5475
5476
5477
5478
5479
5480
5481
5482
5483
5484
5485
5486
5487
5488
5489
5490
5491
5492
5493
5494
5495
5496
5497
5515
5516
5517
5518
5519
5520
5521
5522
5523
5524
5525
5526
5527
5528
5529
5530
5531
5532
5533
5534
5535
5536
5537
5538
5546
5547
5548
5549
5550
5555
5556
5557
5558
5559
5560
5561
5562
5563
5564
5565
5566
5567
5568
5569
5570
5571
5572
5573
5574
5575
5576
5577
5578
5579
5580
5591
5592
5593
5594
5595
5602
5603
5604
5605
5606
5613
5614
5618
5659
5660
5663
5664
5665
5666
5667
5668
5669
5670
5671
5672
5673
5674
5675
5677
5678
5679
5686
5687
5688
5689
5690
5691
5692
5699
5700
5701
5702
5704
5705
5706
5707
5708
5709
5722
5723
5724
5725
5726
5727
5733
5734
5735
5736
5737
5738
5739
5740
5741
5742
5743
5744
5759
5760
5761
5762
5763
5778
5779
5781
5782
5783
5784
5785
5786
5793
5794
5795
5796
5797
5807
5808
5810
5811
5812
5813
5814
5815
5816
5817
5818
5819
5820
5833
5834
5835
5836
5837
5860
5861
5862
5863
5864
5865
5866
5867
5868
5869
5870
5871
5872
5878
5879
5880
5881
5882
5883
5884
5885
5886
5887
5888
5889
5890
5891
5892
5893
5894
5895
5896
5897
5911
5913
5915
5916
5917
5918
5919
5920
5921
5928
5929
5930
5931
5932
5933
5934
5935
5936
5937
5938
5939
5940
5941
5942
5943
5951
5952
5953
5954
5955
5956
5957
5958
5959
5960
5961
5962
5963
5964
5965
5966
5967
5968
5969
5970
5971
5972
5973
5974
5975
5976
5977
5978
5979
5980
5981
5982
5983
5984
5991
5992
5993
5994
5995
5996
5997
6004
6005
6006
6007
6008
6009
6010
6011
6012
6013
6014
6015
6016
6019
6020
6033
6034
6035
6036
6037
6038
6058
6059
6060
6061
6062
6063
6075
6076
6077
6078
6079
6080
6086
6087
6088
6089
6090
6091
6092
6093
6094
6095
6096
6097
6098
6099
6100
6101
6102
6103
6104
6112
6113
6114
6115
6116
6117
6118
6119
6120
6121
6122
6123
6124
6125
6126
6127
6128
6129
6130
6131
6132
6133
6134
6135
6136
6137
6138
6141
6142
6143
6144
6145
6146
6147
6148
6149
6150
6151
6152
6153
6154
6158
6159
6160
6161
6162
6163
6164
6165
6166
6167
6168
6169
6170
6171
6172
6173
6174
6175
6176
6177
6178
6179
6180
6181
6182
6183
6184
6185
6186
6187
6188
6189
6203
6204
6205
6206
6207
6208
6209
6210
6211
6212
6213
6214
6221
6222
6223
6224
6225
6226
6227
6228
6229
6230
6231
6238
6239
6240
6241
6242
6243
6244
6256
6257
6258
6259
6260
6261
6264
6267
6268
6269
6270
6271
6286
6287
6288
6289
6290
6291
6292
6309
6310
6311
6312
6313
6314
6315
6316
6318
6319
6333
6334
6335
6336
6337
6338
6344
6345
6346
6347
6348
6354
6355
6356
6357
6358
6359
6361
6363
6364
6374
6375
6376
6377
6378
6379
6386
6387
6388
6389
6390
6391
6392
6393
6394
6395
6396
6397
6398
6418
6419
6420
6421
6422
6423
6424
6425
6426
6427
6428
6429
6430
6431
6432
6433
6434
6435
6436
6437
6443
6444
6445
6446
6447
6448
6449
6450
6451
6452
6453
6454
6455
6479
6480
6481
6482
6483
6484
6485
6486
6487
6488
6489
6490
6491
6498
6499
6500
6501
6502
6503
6504
6505
6506
6507
6508
6509
6510
6511
6512
6513
6514
6518
6520
6523
6524
6526
6527
6528
6529
6530
6531
6532
6533
6534
6535
6536
6537
6538
6539
6540
6541
6542
6543
6549
6550
6551
6552
6553
6559
6560
6561
6562
6563
6564
6565
6566
6567
6568
6569
6570
6571
6572
6573
6574
6588
6589
6590
6591
6592
6593
6595
6597
6612
6613
6614
6615
6616
6617
6618
6619
6620
6621
6622
6623
6624
6625
6626
6627
6630
6631
6633
6634
6635
6636
6637
6638
6639
6640
6641
6642
6643
6650
6652
6655
6656
6657
6658
6659
6660
6661
6662
6663
6664
6665
6666
6667
6668
6669
6670
6671
6683
6684
6685
6686
6687
6692
6693
6694
6695
6696
6697
6698
6699
6700
6701
6702
6703
6704
6705
6708
6709
6710
6711
6712
6713
6714
6715
6716
6717
6718
6719
6720
6721
6722
6723
6724
6725
6726
6727
6728
6729
6730
6731
6737
6738
6739
6740
6741
6742
6743
6744
6751
6752
6753
6754
6755
6761
6762
6763
6764
6765
6766
6767
6768
6769
6770
6771
6772
6774
6776
6777
6778
6785
6786
6787
6788
6789
6799
6800
6801
6802
6803
6804
6805
6806
6807
6808
6809
6810
6811
6812
6813
6814
6815
6822
6823
6824
6825
6826
6827
6828
6841
6842
6843
6844
6845
6846
6847
6848
6849
6850
6851
6852
6853
6854
6855
6856
6857
6858
6859
6872
6873
6874
6875
6876
6877
6878
6879
6880
6881
6882
6883
6893
6894
6895
6896
6897
6898
6899
6900
6901
6902
6903
6904
6905
6920
6921
6922
6923
6924
6925
6926
6934
6935
6936
6937
6938
6939
6940
6941
6942
6943
6944
6945
6946
6947
6948
6960
6961
6962
6963
6964
6965
6966
6969
6970
6972
6973
6974
6975
6976
6977
6978
6979
6980
6981
6982
6983
6984
6985
6994
6995
6996
6997
6998
6999
7005
7006
7007
7008
7009
7010
7011
7012
7013
7014
7015
7016
7017
7018
7019
7020
7021
7022
7023
7024
7025
7026
7027
7028
7029
7030
7031
7037
7038
7039
7040
7041
7042
7043
7044
7045
7046
7047
7048
7049
7050
7051
7052
7053
7054
7055
7056
7057
7058
7059
7060
7065
7066
7067
7068
7069
7070
7071
7072
7073
7074
7080
7081
7082
7083
7084
7091
7092
7093
7094
7095
7096
7097
7098
7099
7100
7109
7110
7112
7113
7114
7115
7116
7122
7123
7124
7125
7126
7127
7128
7130
7131
7132
7133
7134
7135
7136
7137
7138
7139
7140
7141
7142
7143
7144
7156
7157
7158
7159
7160
7173
7181
7182
7183
7184
7185
7186
7187
7188
7189
7190
7191
7192
7193
7194
7195
7201
7202
7203
7204
7205
7206
7207
7209
7211
7212
7214
7215
7216
7217
7218
7219
7220
7221
7222
7223
7230
7231
7232
7233
7234
7235
7236
7237
7238
7239
7240
7241
7242
7243
7244
7245
7246
7247
7248
7249
7250
7251
7252
7253
7254
7255
7256
7257
7258
7268
7269
7270
7271
7272
7273
7282
7283
7284
7285
7286
7287
7288
7289
7290
7291
7292
7293
7294
7295
7296
7297
7298
7299
7300
7301
7302
7303
7304
7305
7306
7307
7308
7309
7310
7311
7313
7314
7315
7316
7317
7318
7319
7320
7321
7332
7333
7334
7335
7336
7341
7342
7343
7344
7345
7346
7347
7348
7349
7355
7356
7357
7358
7359
7360
7361
7362
7363
7364
7365
7366
7367
7373
7374
7375
7376
7377
7383
7384
7385
7386
7389
7390
7391
7392
7393
7400
7402
7403
7404
7410
7411
7412
7413
7418
7419
7420
7421
7422
7423
7424
7425
7426
7427
7428
7433
7434
7435
7436
7437
7438
7439
7440
7441
7442
7443
7444
7446
7448
7449
7450
7451
7452
7453
7469
7473
7474
7477
7478
7481
7482
7483
7484
7485
7486
7489
7490
7491
7498
7499
7500
7505
7506
7507
7508
7509
7510
7511
7512
7513
7514
7515
7516
7517
7518
7519
7520
7521
7522
7523
7524
7525
7526
7527
7528
7529
7530
7531
7532
7533
7534
7535
7536
7540
7541
7542
7543
7544
7556
7557
7558
7559
7560
7561
7566
7567
7568
7569
7570
7571
7572
7573
7574
7575
7582
7590
7591
7592
7593
7604
7605
7606
7607
7608
7612
7613
7614
7615
7616
7617
7620
7649
7650
7651
7652
7653
7654
7655
7656
7657
7658
7659
7660
7661
7667
7668
7669
7670
7671
7672
7677
7678
7679
7680
7681
7682
7684
7685
7689
7690
7693
7695
7696
7706
7707
7708
7709
7710
7711
7712
7713
7714
7715
7729
7730
7731
7732
7733
7734
7735
7744
7745
7746
7747
7748
7760
7761
7762
7763
7764
7765
7766
7767
7771
7772
7773
7774
7775
7776
7777
7778
7779
7780
7781
7782
7783
7784
7785
7786
7787
7788
7789
7790
7791
7792
7793
7794
7795
7796
7797
7798
7804
7805
7806
7807
7808
7809
7811
7812
7813
7814
7815
7816
7817
7818
7819
7820
7821
7822
7823
7824
7825
7826
7827
7834
7835
7836
7837
7838
7841
7842
7843
7844
7845
7846
7847
7848
7849
7850
7851
7852
7853
7854
7857
7859
7860
7861
7862
7863
7864
7866
7867
7882
7883
7884
7885
7887
7888
7889
7890
7896
7897
7898
7899
7900
7901
7902
7903
7904
7905
7906
7907
7908
7909
7910
7922
7923
7924
7925
7926
7927
7928
7929
7930
7931
7932
7950
7951
7954
7955
7956
7966
7971
7972
7973
7976
7977
7978
7979
7980
7981
7982
7983
7984
7985
7986
7987
7988
7990
7991
7996
7997
7998
7999
8000
8001
8002
8003
8010
8011
8012
8013
8015
8019
8020
8021
8026
8027
8028
8029
8030
8031
8032
8033
8034
8035
8036
8037
8038
8046
8047
8048
8049
8050
8051
8057
8058
8059
8060
8061
8062
8063
8064
8065
8066
8067
8068
8069
8070
8071
8072
8077
8078
8079
8080
8081
8082
8083
8084
8085
8086
8087
8088
8089
8090
8091
8092
8093
8094
8097
8098
8112
8113
8118
8119
8120
8121
8122
8129
8130
8131
8134
8140
8141
8142
8143
8144
8146
8147
8148
8149
8150
8151
8152
8153
8154
8161
8162
8163
8164
8165
8181
8182
8183
8184
8185
8186
8187
8188
8189
8199
8200
8201
8202
8203
8208
8209
8210
8227
8228
8229
8230
8231
8232
8233
8234
8239
8240
8241
8242
8247
8248
8249
8250
8251
8252
8253
8254
8255
8271
8272
8273
8275
8278
8279
8280
8281
8282
8285
8286
8287
8288
8289
8292
8293
8294
8295
8296
8297
8298
8299
8304
8305
8306
8307
8313
8314
8315
8316
8317
8336
8337
8338
8339
8349
8351
8353
8354
8355
8356
8361
8362
8363
8364
8365
8374
8375
8382
8383
8384
8385
8386
8387
8397
8398
8401
8402
8403
8404
8407
8408
8412
8413
8414
8421
8422
8423
8424
8426
8427
8428
8429
8433
8434
8435
8438
8439
8440
8441
8442
8443
8444
8445
8446
8447
8448
8449
8450
8451
8454
8455
8456
8457
8458
8466
8467
8481
8482
8483
8484
8485
8486
8487
8488
8489
8490
8491
8501
8502
8503
8504
8505
8510
8511
8512
8513
8514
8515
8521
8522
8523
8524
8525
8530
8531
8532
8533
8545
8546
8547
8551
8552
8553
8554
8555
8556
8561
8562
8563
8564
8573
8574
8575
8579
8583
8584
8585
8589
8590
8591
8592
8593
8594
8596
8597
8599
8601
8602
8603
8604
8606
8607
8608
8609
8610
8611
8616
8622
8623
8624
8625
8626
8631
8632
8633
8634
8635
8636
8637
8638
8639
8640
8642
8643
8644
8645
8646
8647
8648
8649
8652
8653
8654
8655
8656
8657
8668
8669
8670
8671
8672
8673
8674
8675
8676
8677
8678
8679
8680
8683
8684
8685
8686
8687
8688
8692
8693
8694
8695
8701
8702
8703
8704
8705
8706
8707
8708
8709
8710
8711
8713
8714
8715
8716
8717
8720
8721
8726
8727
8728
8729
8735
8736
8737
8738
8739
8740
8741
8742
8743
8744
8745
8746
8747
8748
8752
8753
8757
8758
8759
8760
8761
8766
8767
8768
8769
8770
8771
8772
8773
8781
8782
8783
8784
8785
8786
8787
8788
8795
8796
8797
8799
8800
8801
8807
8808
8810
8812
8813
8814
8815
8817
8818
8824
8825
8832
8834
8835
8836
8842
8843
8844
8845
8846
8847
8848
8849
8850
8851
8854
8855
8858
8859
8860
8864
8865
8866
8868
8869
8870
8871
8874
8875
8876
8880
8882
8886
8887
8888
8889
8890
8891
8892
8893
8897
8898
8901
8902
8903
8904
8906
8907
8908
8909
8910
8911
8912
8913
8914
8915
8916
8917
8918
8919
8920
8921
8922
8926
8927
8931
8932
8933
8934
8935
8936
8940
8941
8942
8943
8944
8951
8952
8953
8955
8957
8958
8959
8960
8961
8969
8970
8971
8972
8976
8977
8978
8979
8980
8981
8982
8983
8984
8985
8986
8989
8996
8998
8999
9000
9001
9002
9003
9005
9006
9007
9011
9012
9013
9014
9016
9017
9018
9020
9021
9022
9025
9026
9027
9028
9029
9030
9032
9033
9034
9035
9036
9039
9041
9042
9045
9046
9047
9049
9050
9054
9056
9057
9061
9065
9066
9067
9068
9069
9070
9071
9072
9073
9074
9075
9076
9077
9078
9081
9082
9083
9084
9085
9086
9090
9091
9092
9093
9094
9095
9096
9097
9099
9101
9102
9103
9105
9106
9113
9117
9118
9122
9123
9130
9131
9139
9143
9144
9145
9149
9150
9156
9157
9158
9159
9160
9161
9162
9163
9164
9165
9166
9167
9170
9171
9174
9176
9182
9183
9185
9186
9187
9190
9191
9192
9196
9197
9198
9203
9206
9207
9211
9213
9215
9216
9217
9218
9219
9220
9221
9222
9223
9224
9225
9226
9230
9232
9233
9234
9236
9237
9238
9239
9240
9241
9242
9243
9244
9251
9275
9283
9284
9285
9286
9287
9288
9289
9292
9293
9297
9298
9299
9302
9303
9304
9305
9306
9307
9308
9309
9317
9319
9320
9321
9322
9323
9330
9331
9332
9337
9338
9346
9347
9348
9349
9350
9351
9352
9353
9354
9355
9356
9357
9360
9361
9362
9363
9364
9365
9372
9373
9374
9375
9376
9379
9380
9385
9389
9391
9393
9398
9399
9400
9401
9402
9403
9404
9405
9410
9415
9418
9419
9422
9423
9427
9428
9429
9430
9431
9432
9433
9434
9440
9446
9447
9448
9449
9450
9452
9453
9454
9455
9465
9474
9475
9476
9477
9482
9485
9489
9491
9492
9501
9504
9505
9506
9509
9510
9511
9513
9515
9521
9522
9523
9526
9527
9529
9531
9532
9533
9534
9535
9536
9537
9539
9540
9541
9542
9545
9546
9547
9548
9549
9550
9551
9559
9560
9561
9562
9563
9564
9565
9566
9571
9572
9574
9575
9581
9582
9583
9584
9585
9586
9587
9589
9594
9595
9596
9597
9602
9605
9606
9610
9612
9613
9614
9615
9617
9626
9627
9630
9631
9632
9633
9634
9635
9636
9637
9638
9639
9640
9643
9644
9645
9646
9647
9648
9649
9650
9651
9654
9656
9658
9659
9660
9661
9662
9663
9666
9667
9670
9672
9673
9676
9677
9679
9680
9681
9682
9687
9688
9689
9690
9691
9695
9696
9697
9698
9699
9700
9701
9704
9705
9706
9711
9712
9714
9715
9720
9722
9725
9726
9727
9730
9731
9732
9733
9735
9736
9737
9738
9740
9741
9742
9743
9746
9748
9749
9750
9751
9752
9756
9757
9760
9761
9762
9763
9764
9765
9766
9767
9768
9769
9770
9771
9772
9773
9774
9775
9779
9781
9782
9783
9784
9789
9793
9795
9796
9797
9800
9801
9802
9813
9814
9824
9825
9826
9829
9834
9836
9844
9845
9847
9849
9850
9853
9854
9855
9856
9862
9864
9871
9872
9873
9880
9881
9889
9890
9893
9894
9895
9907
9908
9909
9910
9913
9916
9917
9918
9920
9925
9927
9928
9929
9930
9933
9939
9943
9945
9946
9947
9948
9950
9951
9952
9958
9959
9960
9961
9962
9963
9967
9968
9971
9972
9973
9974
9975
9976
9977
9981
9982
9984
9985
9986
9991
9992
9993
9994
9995
9998
9999
10003
10009
10010
10018
10019
10027
10028
10029
10030
10032
10033
10043
10044
10045
10050
10051
10054
10055
10056
10057
10058
10066
10067
10068
10069
10070
10075
10076
10077
10078
10080
10081
10082
10083
10084
10093
10094
10100
10105
10106
10107
10108
10110
10111
10112
10113
10119
10120
10121
10123
10124
10125
10126
10129
10134
10135
10136
10137
10138
10139
10140
10148
10149
10150
10151
10152
10153
10159
10160
10163
10164
10172
10173
10174
10178
10179
10181
10189
10190
10191
