4855
19
20
21
22
23
25
26
27
42
43
44
45
46
47
48
49
50
51
52
53
54
55
61
62
63
64
65
66
67
80
81
82
83
84
85
86
87
88
89
90
91
92
93
94
95
96
97
98
99
100
101
102
114
115
116
117
118
119
120
127
128
129
130
131
132
139
140
141
142
143
144
145
146
147
148
149
150
151
152
153
154
155
156
157
158
159
160
161
162
163
164
178
179
180
181
182
183
184
185
186
187
188
189
190
191
192
193
194
195
202
203
204
205
206
207
208
209
210
211
212
213
221
222
223
224
225
226
234
235
236
237
238
239
240
241
242
243
256
257
258
259
260
261
262
263
266
268
269
270
271
272
273
274
275
276
277
278
279
280
281
282
283
284
285
300
301
302
303
304
305
306
315
316
317
318
319
320
321
322
323
324
325
326
327
328
329
330
331
332
333
354
355
356
357
358
359
368
369
370
371
372
387
388
389
390
391
392
400
401
402
403
404
405
406
407
408
409
410
411
419
420
421
422
423
424
425
426
427
428
429
430
438
439
440
441
444
457
458
459
460
461
462
463
464
465
466
467
468
469
482
483
484
485
486
487
488
489
490
491
492
493
494
501
502
503
504
505
506
526
527
528
529
530
531
538
539
540
541
542
543
549
550
551
552
553
554
555
556
557
558
559
571
572
573
574
575
576
577
579
581
582
583
584
585
586
587
588
589
590
591
592
593
594
595
596
597
598
599
600
601
602
603
604
605
606
607
608
609
610
653
654
655
656
657
658
659
660
661
662
663
664
678
679
680
681
682
683
697
698
699
700
701
702
709
710
711
712
713
720
721
722
723
724
725
726
727
728
729
730
731
732
733
734
735
736
740
741
742
743
744
745
746
747
748
749
750
751
752
753
754
755
756
757
758
759
760
761
762
763
764
765
766
767
768
769
770
771
772
773
774
775
776
777
778
779
780
781
782
783
784
785
786
787
788
789
790
791
792
793
794
808
809
811
813
814
815
816
817
818
819
820
824
825
831
832
833
834
835
836
837
851
852
853
854
855
856
857
872
873
874
875
876
877
878
879
880
881
882
883
884
885
886
887
888
889
890
891
892
893
894
895
896
897
898
899
900
901
902
903
904
919
920
921
922
923
924
925
944
945
946
947
948
949
950
951
952
953
954
955
956
964
965
966
967
968
976
977
980
982
983
984
985
986
987
988
991
992
995
1003
1004
1005
1006
1007
1008
1009
1010
1011
1012
1013
1014
1015
1016
1017
1018
1019
1020
1021
1022
1023
1024
1025
1026
1027
1040
1041
1042
1043
1044
1058
1059
1060
1061
1062
1063
1064
1065
1066
1067
1068
1069
1070
1071
1072
1073
1074
1075
1076
1091
1092
1093
1094
1095
1096
1097
1098
1118
1119
1120
1121
1122
1136
1137
1138
1139
1140
1141
1142
1156
1157
1158
1159
1160
1161
1174
1175
1176
1177
1178
1179
1180
1181
1182
1183
1184
1185
1192
1193
1194
1195
1196
1197
1198
1221
1222
1223
1224
1225
1226
1242
1243
1244
1245
1246
1247
1254
1255
1256
1257
1258
1259
1260
1261
1262
1263
1264
1265
1266
1267
1273
1274
1275
1276
1277
1278
1279
1298
1299
1300
1301
1302
1303
1304
1305
1306
1307
1308
1316
1317
1318
1319
1320
1321
1328
1329
1330
1331
1332
1333
1334
1335
1336
1337
1338
1339
1340
1353
1354
1355
1356
1357
1358
1359
1360
1361
1362
1363
1364
1365
1366
1367
1368
1369
1370
1377
1378
1379
1380
1381
1382
1383
1384
1385
1386
1413
1414
1415
1416
1417
1418
1433
1434
1435
1436
1437
1438
1439
1440
1441
1442
1443
1444
1445
1446
1447
1448
1449
1450
1451
1465
1466
1467
1468
1469
1470
1477
1478
1479
1480
1481
1482
1483
1498
1499
1500
1501
1502
1503
1510
1511
1512
1513
1514
1515
1516
1535
1536
1537
1538
1539
1540
1541
1542
1543
1544
1545
1546
1547
1548
1549
1550
1551
1552
1559
1560
1561
1562
1563
1564
1587
1588
1589
1590
1591
1592
1605
1606
1607
1608
1609
1610
1611
1612
1613
1614
1615
1622
1623
1624
1625
1626
1627
1628
1629
1630
1631
1632
1633
1640
1641
1642
1643
1646
1647
1655
1656
1657
1660
1661
1677
1678
1679
1680
1681
1682
1694
1695
1701
1702
1703
1704
1705
1706
1713
1714
1715
1716
1717
1718
1719
1720
1721
1722
1723
1724
1737
1738
1739
1740
1741
1742
1743
1744
1745
1746
1747
1748
1749
1750
1751
1752
1753
1754
1755
1756
1757
1758
1759
1766
1767
1768
1769
1770
1771
1772
1773
1774
1775
1776
1777
1778
1779
1780
1781
1782
1783
1795
1796
1797
1798
1799
1800
1807
1808
1809
1810
1811
1812
1865
1866
1867
1868
1869
1882
1883
1884
1885
1886
1887
1919
1920
1921
1922
1923
1924
1925
1931
1932
1933
1934
1935
1936
1950
1951
1952
1953
1954
1955
1958
1959
1972
1973
1974
1975
1976
1977
1978
1979
1980
1981
1982
1983
1984
1985
1986
1987
1988
1989
1990
1991
1992
1993
1994
2006
2008
2010
2011
2012
2013
2014
2015
2021
2022
2023
2024
2025
2026
2027
2028
2029
2030
2031
2032
2040
2041
2042
2043
2044
2045
2046
2047
2048
2049
2050
2057
2058
2059
2060
2061
2062
2063
2064
2065
2066
2067
2068
2069
2070
2071
2072
2074
2085
2086
2087
2088
2089
2090
2091
2092
2095
2096
2097
2098
2099
2100
2103
2105
2125
2126
2127
2128
2129
2130
2131
2132
2133
2134
2135
2136
2137
2138
2139
2140
2141
2142
2143
2144
2145
2146
2147
2148
2149
2150
2157
2158
2159
2160
2161
2162
2163
2164
2165
2166
2167
2168
2169
2170
2171
2172
2178
2179
2180
2181
2182
2183
2189
2190
2191
2192
2193
2194
2195
2196
2197
2198
2199
2200
2201
2202
2203
2204
2205
2206
2207
2208
2209
2210
2211
2212
2216
2217
2218
2219
2220
2221
2222
2236
2237
2238
2239
2240
2241
2242
2243
2244
2245
2246
2259
2260
2261
2262
2263
2264
2265
2272
2273
2274
2275
2300
2301
2302
2303
2304
2305
2313
2314
2315
2316
2317
2318
2319
2320
2321
2322
2323
2324
2325
2326
2327
2328
2329
2330
2331
2332
2333
2370
2371
2372
2373
2374
2375
2378
2380
2381
2387
2388
2389
2390
2391
2392
2406
2407
2408
2409
2410
2411
2422
2423
2424
2425
2426
2427
2428
2429
2430
2431
2432
2433
2434
2435
2436
2437
2438
2439
2440
2441
2442
2443
2444
2445
2446
2447
2448
2449
2450
2451
2452
2453
2454
2455
2456
2457
2458
2459
2460
2461
2462
2463
2464
2465
2466
2467
2468
2474
2475
2476
2477
2478
2491
2492
2493
2494
2495
2502
2503
2504
2505
2506
2507
2525
2526
2527
2528
2529
2530
2531
2540
2541
2542
2543
2544
2545
2546
2547
2548
2549
2550
2551
2565
2566
2567
2568
2569
2570
2571
2572
2573
2574
2575
2576
2577
2578
2579
2580
2581
2582
2583
2584
2605
2607
2609
2610
2611
2612
2613
2614
2634
2635
2636
2637
2638
2639
2640
2641
2642
2643
2644
2645
2646
2647
2648
2649
2650
2651
2652
2653
2654
2655
2656
2657
2658
2664
2665
2666
2667
2668
2669
2670
2715
2716
2717
2718
2719
2720
2721
2722
2723
2724
2725
2726
2727
2728
2729
2730
2731
2732
2733
2747
2748
2749
2750
2751
2752
2753
2754
2755
2756
2757
2764
2765
2766
2767
2768
2769
2770
2771
2772
2773
2774
2775
2776
2793
2794
2795
2796
2797
2798
2799
2800
2801
2802
2803
2804
2805
2806
2807
2808
2809
2810
2811
2812
2813
2814
2815
2816
2836
2837
2838
2839
2840
2841
2849
2850
2851
2852
2853
2854
2855
2856
2857
2858
2859
2860
2861
2862
2863
2871
2872
2873
2874
2894
2895
2896
2897
2898
2899
2905
2906
2907
2908
2909
2910
2911
2912
2913
2914
2915
2916
2927
2928
2929
2931
2933
2934
2935
2936
2937
2938
2939
2940
2941
2942
2943
2944
2945
2957
2958
2959
2960
2961
2962
2963
2964
2965
2966
2967
2968
2977
2978
2979
2980
2981
2982
2983
2984
2985
2998
2999
3000
3001
3002
3003
3004
3005
3006
3007
3008
3009
3025
3026
3027
3028
3029
3030
3031
3032
3033
3034
3035
3036
3037
3038
3039
3040
3041
3042
3043
3044
3062
3063
3064
3065
3066
3067
3073
3074
3075
3076
3077
3078
3098
3099
3100
3101
3102
3103
3111
3112
3113
3114
3115
3116
3117
3118
3119
3120
3121
3122
3123
3149
3150
3151
3152
3153
3154
3155
3156
3157
3158
3159
3160
3161
3162
3163
3164
3165
3166
3167
3168
3169
3170
3171
3172
3173
3174
3175
3184
3185
3186
3187
3188
3189
3210
3211
3212
3213
3214
3215
3216
3223
3224
3225
3226
3227
3228
3229
3230
3231
3232
3233
3234
3235
3236
3237
3238
3239
3240
3241
3242
3243
3258
3259
3260
3261
3262
3263
3264
3265
3266
3267
3268
3269
3276
3277
3278
3279
3280
3281
3296
3297
3300
3301
3302
3325
3326
3327
3328
3329
3330
3331
3338
3339
3340
3341
3342
3343
3344
3345
3346
3347
3365
3367
3368
3369
3371
3372
3373
3374
3375
3376
3377
3378
3379
3380
3381
3382
3383
3384
3385
3386
3387
3388
3389
3397
3398
3399
3400
3401
3402
3403
3404
3405
3406
3407
3408
3409
3410
3411
3412
3413
3414
3415
3416
3417
3425
3426
3427
3428
3429
3430
3431
3437
3438
3439
3440
3441
3442
3443
3452
3453
3454
3455
3456
3457
3458
3471
3472
3473
3475
3476
3483
3484
3485
3486
3487
3488
3489
3490
3504
3505
3506
3507
3508
3509
3510
3511
3512
3513
3514
3515
3516
3517
3518
3519
3520
3534
3535
3536
3537
3538
3539
3540
3541
3548
3549
3550
3551
3552
3553
3554
3555
3556
3557
3558
3559
3560
3590
3591
3592
3593
3594
3595
3615
3616
3617
3618
3619
3620
3631
3632
3633
3648
3649
3650
3651
3652
3653
3654
3672
3676
3677
3686
3687
3688
3689
3690
3691
3692
3693
3694
3695
3696
3697
3698
3699
3700
3701
3702
3703
3704
3705
3706
3707
3708
3709
3710
3718
3719
3720
3721
3722
3723
3733
3744
3745
3746
3747
3748
3749
3757
3758
3759
3760
3761
3762
3763
3775
3776
3777
3778
3779
3780
3781
3782
3790
3791
3792
3793
3795
3796
3797
3798
3799
3800
3801
3828
3829
3830
3831
3832
3833
3834
3855
3856
3857
3858
3859
3860
3861
3862
3888
3889
3890
3891
3892
3893
3894
3895
3896
3897
3900
3908
3909
3910
3911
3912
3913
3914
3915
3916
3917
3918
3919
3926
3927
3928
3929
3930
3931
3932
3938
3939
3940
3941
3942
3943
3944
3945
3996
3997
3998
3999
4000
4001
4002
4010
4011
4012
4013
4014
4029
4030
4031
4032
4033
4034
4035
4036
4037
4038
4039
4040
4045
4046
4047
4048
4049
4050
4051
4052
4053
4054
4055
4056
4057
4058
4071
4072
4073
4074
4075
4076
4077
4085
4086
4087
4088
4089
4090
4096
4097
4098
4099
4100
4101
4108
4109
4110
4111
4112
4113
4114
4117
4119
4120
4141
4142
4143
4144
4145
4146
4147
4148
4149
4150
4151
4152
4153
4154
4155
4156
4157
4158
4159
4160
4183
4184
4185
4186
4187
4188
4189
4190
4196
4197
4198
4199
4200
4201
4202
4247
4248
4249
4250
4251
4252
4253
4254
4255
4256
4257
4258
4259
4260
4261
4262
4263
4284
4285
4286
4287
4288
4289
4290
4297
4298
4299
4300
4301
4302
4309
4310
4311
4312
4313
4314
4322
4323
4324
4325
4326
4333
4334
4335
4336
4337
4338
4339
4340
4341
4342
4343
4344
4345
4346
4347
4348
4349
4363
4364
4365
4366
4367
4368
4388
4389
4390
4391
4392
4393
4394
4395
4396
4397
4398
4399
4400
4401
4402
4403
4404
4405
4406
4432
4433
4434
4435
4436
4437
4446
4447
4448
4449
4450
4451
4452
4459
4460
4461
4462
4463
4464
4465
4467
4468
4469
4470
4471
4472
4473
4474
4481
4482
4483
4484
4485
4486
4487
4488
4489
4490
4491
4492
4506
4507
4508
4509
4510
4511
4512
4513
4514
4515
4516
4517
4518
4519
4520
4521
4522
4523
4524
4525
4526
4527
4528
4529
4530
4531
4532
4533
4534
4535
4536
4537
4538
4539
4540
4541
4542
4543
4544
4545
4546
4547
4548
4549
4550
4551
4559
4562
4563
4564
4576
4577
4578
4579
4580
4581
4582
4583
4584
4585
4586
4587
4588
4589
4590
4591
4592
4593
4594
4595
4616
4617
4618
4619
4620
4621
4622
4623
4624
4625
4626
4627
4628
4629
4630
4631
4632
4633
4634
4635
4636
4637
4638
4639
4640
4641
4642
4643
4644
4645
4646
4647
4648
4654
4655
4656
4657
4658
4659
4660
4661
4662
4663
4664
4665
4666
4667
4668
4669
4670
4671
4672
4681
4682
4683
4684
4685
4686
4687
4688
4689
4690
4691
4692
4693
4694
4695
4696
4697
4698
4699
4700
4705
4706
4707
4708
4709
4710
4711
4712
4716
4718
4719
4720
4721
4722
4723
4724
4739
4740
4741
4742
4743
4744
4752
4753
4754
4755
4756
4757
4758
4760
4763
4788
4789
4790
4791
4792
4793
4800
4801
4802
4803
4804
4805
4806
4807
4808
4809
4810
4811
4812
4813
4814
4815
4816
4817
4824
4825
4826
4827
4828
4829
4830
4831
4832
4833
4834
4835
4836
4841
4843
4844
4847
4848
4850
4858
4859
4860
4861
4862
4863
4864
4865
4866
4867
4868
4869
4870
4871
4872
4873
4874
4875
4876
4877
4878
4879
4880
4881
4882
4888
4889
4890
4891
4892
4928
4929
4930
4931
4932
4933
4934
4935
4936
4937
4938
4939
4940
4941
4942
4943
4944
4945
4950
4951
4971
4972
4973
4974
4975
4976
4977
5008
5009
5010
5011
5012
5013
5014
5015
5016
5017
5018
5019
5020
5021
5022
5023
5024
5025
5051
5052
5053
5054
5055
5056
5070
5071
5072
5073
5074
5075
5076
5095
5096
5097
5098
5099
5100
5107
5108
5109
5110
5111
5112
5113
5114
5115
5116
5117
5118
5119
5120
5121
5122
5123
5124
5125
5136
5137
5138
5139
5140
5141
5142
5167
5168
5169
5170
5171
5174
5175
5176
5197
5198
5199
5200
5201
5202
5203
5218
5219
5220
5221
5222
5223
5224
5225
5226
5227
5228
5229
5230
5249
5250
5251
5252
5259
5260
5261
5262
5263
5264
5265
5266
5267
5268
5269
5270
5271
5272
5275
5276
5280
5281
5282
5283
5290
5291
5292
5293
5294
5295
5308
5309
5310
5311
5312
5313
5314
5315
5316
5317
5318
5319
5320
5321
5322
5323
5324
5325
5326
5327
5328
5335
5336
5337
5338
5339
5340
5353
5354
5355
5356
5357
5358
5359
5360
5361
5362
5363
5364
5365
5366
5367
5368
5369
5370
5371
5372
5373
5374
5375
5376
5377
5378
5379
5380
5381
5382
5383
5384
5385
5386
5387
5388
5395
5396
5397
5398
5399
5412
5413
5414
5415
5416
5417
5418
5419
5420
5421
5422
5423
5436
5437
5438
5439
5440
5446
5447
5448
5449
5450
5451
5452
5453
5454
5455
5456
5457
5458
5471
5472
5473
5474
5475
5476
5477
5478
5479
5480
5481
5482
5483
5484
5485
5486
5487
5494
5495
5496
5497
5498
5499
5500
5501
5502
5503
5504
5505
5506
5507
5508
5509
5510
5511
5512
5519
5520
5521
5522
5523
5524
5525
5526
5527
5528
5529
5543
5544
5545
5546
5547
5548
5549
5550
5551
5552
5553
5554
5555
5556
5557
5558
5559
5560
5561
5562
5563
5564
5565
5566
5567
5569
5570
5572
5573
5574
5575
5576
5577
5578
5579
5593
5594
5597
5599
5600
5601
5602
5603
5604
5605
5606
5607
5608
5609
5610
5611
5612
5613
5614
5615
5616
5617
5618
5619
5620
5621
5628
5629
5630
5631
5632
5633
5641
5642
5643
5644
5645
5646
5647
5648
5649
5650
5651
5652
5653
5654
5685
5686
5687
5688
5689
5690
5698
5699
5700
5701
5702
5715
5716
5717
5718
5719
5720
5721
5741
5742
5743
5744
5745
5746
5759
5760
5761
5762
5763
5764
5770
5771
5772
5773
5774
5775
5776
5777
5778
5779
5780
5781
5782
5820
5821
5822
5823
5824
5825
5826
5827
5828
5829
5830
5837
5838
5839
5840
5841
5842
5843
5844
5845
5858
5859
5860
5861
5862
5863
5864
5865
5866
5867
5868
5869
5877
5878
5879
5880
5881
5882
5883
5884
5885
5886
5887
5888
5889
5890
5891
5892
5893
5894
5895
5896
5897
5898
5899
5900
5901
5902
5903
5929
5930
5931
5932
5933
5934
5935
5936
5937
5938
5939
5940
5941
5942
5943
5944
5945
5946
5947
5948
5949
5950
5951
5964
5965
5966
5967
5968
5969
5970
5971
5972
5973
5974
5975
5976
5977
5978
5979
5980
5981
5982
5983
5984
5985
5986
5987
5988
5992
5993
5994
5995
5996
5997
6003
6004
6005
6006
6007
6008
6009
6010
6011
6012
6013
6014
6015
6016
6017
6018
6019
6020
6021
6022
6024
6025
6026
6036
6037
6039
6040
6041
6042
6043
6056
6057
6058
6059
6060
6061
6062
6063
6064
6065
6071
6072
6073
6074
6075
6076
6077
6078
6079
6080
6081
6094
6095
6096
6097
6098
6099
6100
6101
6102
6103
6104
6105
6106
6107
6108
6109
6127
6128
6129
6130
6131
6132
6133
6134
6135
6136
6137
6138
6139
6140
6141
6142
6143
6144
6156
6157
6158
6159
6160
6161
6162
6163
6164
6165
6166
6167
6168
6169
6170
6171
6172
6173
6174
6175
6176
6177
6178
6179
6180
6181
6182
6183
6184
6185
6186
6187
6188
6189
6190
6191
6192
6193
6194
6195
6196
6197
6198
6199
6200
6201
6202
6226
6227
6228
6229
6230
6231
6232
6233
6234
6235
6236
6237
6238
6239
6240
6241
6242
6243
6244
6245
6246
6247
6248
6254
6255
6256
6257
6258
6259
6266
6267
6268
6269
6270
6277
6278
6279
6280
6281
6282
6283
6284
6285
6286
6287
6288
6295
6296
6297
6298
6299
6300
6301
6302
6303
6304
6305
6312
6313
6314
6315
6316
6317
6318
6319
6320
6321
6322
6323
6324
6325
6326
6327
6328
6329
6330
6331
6332
6333
6334
6335
6336
6337
6338
6339
6340
6341
6342
6343
6344
6345
6346
6347
6348
6349
6357
6358
6359
6360
6361
6362
6363
6364
6365
6366
6367
6368
6369
6382
6383
6384
6385
6386
6387
6388
6389
6390
6395
6396
6397
6398
6399
6400
6419
6420
6421
6422
6423
6424
6449
6450
6451
6452
6453
6454
6455
6456
6457
6458
6459
6460
6461
6469
6470
6471
6472
6473
6474
6475
6476
6477
6478
6479
6480
6491
6492
6493
6494
6495
6496
6513
6514
6515
6516
6517
6523
6524
6525
6526
6527
6528
6529
6530
6531
6532
6537
6538
6539
6540
6541
6542
6543
6544
6545
6546
6547
6548
6549
6560
6561
6563
6564
6565
6566
6567
6568
6569
6570
6571
6572
6573
6574
6575
6576
6577
6578
6579
6580
6581
6582
6583
6584
6596
6597
6598
6599
6600
6601
6617
6618
6619
6620
6621
6622
6623
6624
6625
6626
6627
6633
6635
6646
6647
6648
6649
6650
6651
6652
6653
6654
6655
6656
6657
6658
6659
6660
6661
6668
6669
6670
6671
6672
6673
6674
6677
6678
6679
6680
6681
6682
6683
6684
6685
6686
6687
6688
6701
6702
6703
6704
6705
6709
6710
6711
6712
6713
6714
6715
6716
6717
6718
6719
6720
6721
6722
6723
6724
6725
6726
6737
6738
6739
6740
6741
6753
6754
6755
6756
6757
6770
6771
6772
6773
6774
6775
6776
6793
6794
6795
6796
6797
6798
6799
6800
6801
6802
6803
6816
6817
6818
6819
6820
6842
6843
6844
6845
6846
6858
6859
6860
6861
6862
6863
6864
6865
6866
6867
6868
6869
6870
6871
6872
6873
6880
6881
6882
6883
6884
6898
6899
6900
6901
6921
6922
6923
6924
6925
6926
6932
6933
6934
6935
6936
6943
6944
6945
6946
6947
6948
6980
6981
6982
6983
6984
6985
6986
6987
6988
6993
6994
6995
6996
6997
6998
7005
7006
7007
7008
7009
7024
7025
7026
7027
7028
7029
7033
7034
7035
7036
7037
7038
7068
7069
7070
7071
7072
7073
7074
7075
7076
7077
7078
7089
7090
7091
7092
7093
7099
7100
7101
7102
7103
7104
7105
7106
7107
7108
7109
7114
7115
7116
7117
7118
7139
7140
7141
7142
7143
7144
7145
7146
7147
7153
7154
7155
7156
7157
7158
7159
7160
7161
7162
7163
7164
7165
7166
7167
7168
7169
7171
7172
7176
7177
7178
7179
7180
7191
7192
7193
7194
7195
7196
7206
7207
7210
7212
7213
7214
7215
7216
7217
7218
7219
7225
7226
7227
7228
7229
7233
7234
7235
7236
7237
7238
7239
7240
7241
7242
7243
7244
7245
7246
7247
7267
7268
7269
7270
7271
7272
7273
7274
7275
7276
7277
7278
7279
7280
7302
7303
7305
7306
7307
7308
7309
7310
7311
7312
7313
7314
7315
7316
7317
7318
7319
7330
7331
7332
7333
7334
7348
7349
7350
7351
7352
7353
7354
7355
7356
7357
7358
7359
7360
7361
7362
7363
7364
7365
7366
7367
7368
7369
7370
7371
7372
7373
7381
7383
7395
7396
7397
7398
7399
7400
7401
7402
7403
7404
7405
7424
7425
7426
7427
7428
7434
7435
7436
7437
7438
7439
7448
7449
7450
7451
7452
7453
7454
7455
7456
7457
7458
7459
7460
7461
7462
7463
7469
7470
7471
7472
7473
7474
7483
7484
7485
7486
7487
7488
7489
7490
7491
7492
7506
7507
7508
7509
7510
7517
7518
7519
7520
7521
7529
7530
7531
7532
7533
7534
7535
7536
7537
7538
7539
7540
7541
7542
7574
7575
7576
7577
7582
7583
7584
7585
7586
7587
7588
7594
7595
7596
7597
7598
7599
7600
7601
7602
7618
7619
7620
7621
7622
7628
7629
7630
7631
7632
7637
7638
7639
7640
7641
7642
7643
7644
7645
7646
7647
7648
7649
7664
7665
7666
7667
7668
7669
7672
7673
7674
7675
7676
7681
7682
7683
7699
7700
7701
7702
7707
7708
7709
7710
7711
7712
7713
7714
7715
7716
7717
7718
7719
7720
7721
7722
7723
7724
7736
7737
7738
7739
7740
7741
7742
7743
7744
7745
7746
7747
7748
7768
7769
7772
7773
7774
7777
7778
7779
7780
7781
7782
7783
7784
7785
7790
7791
7792
7794
7795
7796
7807
7808
7809
7810
7811
7817
7818
7823
7824
7825
7826
7827
7828
7829
7830
7831
7832
7833
7834
7835
7836
7837
7838
7839
7840
7841
7850
7851
7852
7853
7860
7861
7862
7863
7877
7878
7879
7880
7881
7887
7888
7889
7893
7894
7895
7896
7897
7903
7904
7905
7906
7907
7908
7909
7910
7919
7920
7921
7922
7924
7925
7935
7936
7937
7938
7939
7940
7941
7942
7943
7944
7945
7946
7947
7948
7956
7957
7958
7959
7960
7961
7970
7971
7975
7976
7977
7978
7979
7980
7981
7982
7987
7988
7989
7990
7991
7994
8003
8004
8005
8006
8012
8013
8014
8036
8038
8039
8040
8047
8048
8049
8055
8056
8057
8058
8059
8060
8061
8062
8063
8064
8065
8066
8068
8075
8076
8077
8078
8079
8080
8081
8082
8083
8084
8085
8086
8087
8088
8089
8090
8091
8092
8103
8104
8105
8106
8107
8118
8119
8125
8126
8127
8134
8135
8136
8137
8138
8139
8144
8145
8146
8154
8163
8164
8165
8174
8175
8182
8183
8184
8185
8186
8187
8188
8189
8190
8191
8192
8197
8198
8206
8207
8208
8209
8223
8224
8225
8226
8227
8230
8234
8235
8236
8237
8238
8239
8255
8256
8257
8258
8259
8260
8272
8273
8274
8275
8276
8277
8278
8279
8285
8286
8313
8316
8317
8318
8319
8320
8321
8322
8339
8347
8348
8349
8350
8355
8356
8357
8358
8359
8360
8361
8362
8363
8364
8365
8366
8367
8370
8371
8372
8373
8380
8381
8382
8383
8384
8385
8388
8389
8394
8395
8396
8397
8406
8407
8408
8409
8413
8414
8415
8416
8417
8418
8419
8420
8421
8422
8423
8424
8425
8426
8427
8428
8429
8430
8431
8432
8433
8434
8435
8436
8437
8438
8439
8445
8446
8447
8448
8455
8456
8457
8458
8464
8465
8466
8467
8474
8475
8476
8477
8478
8479
8480
8481
8482
8483
8486
8487
8490
8491
8502
8503
8504
8505
8506
8510
8511
8512
8517
8518
8519
8520
8521
8522
8523
8524
8525
8526
8527
8539
8543
8558
8559
8560
8561
8562
8563
8565
8566
8572
8573
8574
8581
8582
8583
8584
8585
8586
8591
8592
8593
8594
8596
8597
8598
8604
8605
8606
8607
8608
8628
8640
8641
8642
8643
8644
8645
8646
8647
8651
8652
8657
8658
8659
8665
8666
8670
8671
8672
8673
8674
8675
8676
8677
8678
8679
8688
8689
8690
8691
8703
8706
8707
8708
8709
8710
8711
8712
8713
8714
8717
8718
8719
8727
8728
8729
8730
8731
8732
8734
8735
8737
8738
8739
8767
8768
8769
8770
8771
8777
8788
8789
8790
8791
8792
8793
8801
8802
8803
8804
8811
8812
8813
8815
8816
8817
8818
8819
8820
8821
8822
8823
8824
8825
8826
8832
8833
8836
8837
8838
8840
8842
8843
8844
8845
8846
8849
8850
8851
8852
8860
8865
8884
8885
8886
8887
8888
8892
8896
8897
8898
8918
8919
8920
8921
8922
8923
8924
8925
8926
8927
8928
8929
8934
8935
8942
8943
8944
8945
8946
8947
8948
8949
8952
8953
8954
8955
8961
8962
8964
8965
8966
8967
8971
8972
8973
8974
8975
8976
8977
8978
8985
8997
8998
9000
9001
9002
9003
9004
9007
9008
9009
9010
9011
9026
9027
9028
9030
9031
9032
9035
9036
9037
9040
9050
9051
9060
9061
9066
9067
9068
9097
9099
9100
9101
9102
9103
9111
9119
9120
9121
9122
9127
9128
9134
9135
9136
9137
9138
9139
9140
9142
9145
9146
9147
9148
9149
9159
9162
9163
9164
9165
9166
9167
9168
9169
9173
9174
9175
9177
9178
9179
9180
9181
9182
9183
9184
9185
9195
9196
9198
9199
9200
9201
9202
9203
9205
9206
9207
9208
9209
9210
9211
9212
9213
9214
9215
9221
9232
9233
9234
9236
9239
9247
9254
9257
9258
9259
9260
9261
9277
9278
9283
9284
9287
9288
9289
9290
9298
9299
9304
9305
9309
9310
9311
9315
9316
9334
9340
9341
9344
9345
9346
9347
9348
9349
9350
9351
9352
9353
9367
9370
9371
9373
9376
9377
9378
9379
9380
9385
9386
9387
9388
9390
9392
9399
9403
9404
9407
9408
9415
9422
9423
9424
9430
9431
9432
9455
9460
9464
9465
9466
9467
9468
9469
9470
9476
9477
9478
9479
9483
9484
9487
9488
9490
9493
9494
9499
9500
9501
9503
9516
9517
9519
9520
9521
9524
9525
9526
9532
9533
9539
9544
9545
9553
9554
9560
9561
9563
9564
9565
9571
9572
9576
9580
9581
9582
9592
9595
9596
9597
9598
9599
9601
9602
9603
9608
9619
9621
9623
9624
9625
9626
9627
9628
9641
9642
9645
9646
9650
9658
9659
9664
9665
9666
9669
9673
9674
9675
9677
9678
9680
9681
9682
9685
9686
9687
9688
9689
9699
9706
9708
9709
9711
9717
9719
9720
9721
9722
9725
9726
9727
9728
9729
9732
9734
9758
9760
9762
9763
9764
9779
9780
9781
9786
9787
9790
9792
9796
9797
9798
9799
9800
9801
9802
9808
9812
9813
9814
9815
9817
9818
9819
9820
9821
9822
9823
9827
9828
9850
9851
9852
9857
9858
9871
9872
9876
9879
9880
9881
9882
9886
9887
9888
9895
9896
9897
9898
9899
9900
9901
9903
9907
9918
9927
9928
9936
9939
9950
9952
9953
9954
9974
9975
9976
9977
9978
9985
9989
9990
9991
9998
9999
10001
10003
10004
10005
10006
10012
10016
10023
10024
10025
10026
10027
10030
10031
10033
10034
10035
10037
10045
10049
10062
10063
10064
10065
10067
10071
10073
10078
10079
10080
10081
10085
10086
10087
10088
10090
10091
10092
10093
10094
10096
10097
10098
10099
10100
10101
10102
10103
10104
10110
10111
10112
10114
10116
10119
10124
10125
10127
10130
10141
10142
10146
10147
10148
10149
10152
10154
10156
10157
10158
10162
10163
10167
10173
10174
10175
10177
10180
10181
10187
10188
10189
10192
10206
10207
10210
10211
10214
10217
10219
10226
10227
10228
10230
10231
10232
10233
10234
10236
10241
10247
10248
10249
10250
10257
10264
10270
10271
10278
10279
10280
10281
10284
10286
10289
10296
10301
10303
10309
10313
10317
10318
10321
10322
10323
10324
10325
10326
10329
10334
10335
10338
10342
10349
10350
10354
10357
10358
10359
10360
10361
10365
10366
10377
10379
10387
10390
10395
10396
10404
10406
10407
10408
10409
10417
10424
10430
10431
10435
10436
10437
10438
10439
10440
10442
10443
10447
10451
10455
10456
10457
10458
10459
10460
10462
10471
10472
10473
10478
10481
10483
10484
10486
10492
10493
10499
10500
10501
10511
10514
10517
10522
10524
10528
10532
10537
10542
10544
10545
10555
10560
10563
10564
10567
10569
10572
10578
10579
10583
10587
10588
10594
10601
10602
