2376
16
17
18
19
20
21
22
23
24
25
26
27
34
35
36
37
38
62
63
64
65
66
67
80
81
82
83
84
85
86
87
88
89
90
91
92
93
94
95
96
97
98
100
101
103
106
114
115
116
117
118
119
120
121
122
123
124
125
126
127
129
130
134
135
136
137
138
139
146
147
148
149
150
151
158
159
160
161
162
163
164
176
177
178
179
180
181
204
205
206
207
208
209
210
211
212
213
214
215
216
217
218
219
220
228
229
230
231
232
233
234
235
236
237
238
239
240
241
242
243
244
245
246
250
283
284
285
286
287
288
289
290
291
292
293
294
326
327
328
329
330
331
332
339
340
341
342
343
344
345
364
365
366
367
368
369
370
371
372
373
374
375
376
421
422
424
425
426
427
428
429
430
439
440
441
442
443
444
446
450
458
459
460
461
462
463
464
465
466
467
468
469
477
478
479
480
481
482
483
484
485
486
487
488
495
496
497
498
499
500
501
502
503
504
511
512
513
514
515
527
528
529
530
531
532
538
539
540
541
542
543
583
584
585
586
587
595
596
597
598
599
600
601
602
603
604
616
617
618
638
639
640
641
642
643
652
653
654
664
665
666
667
668
727
728
729
730
731
732
745
746
747
748
749
750
751
752
753
754
755
769
770
771
772
773
774
775
776
777
778
779
780
781
782
783
784
785
786
801
805
806
810
811
812
813
814
815
832
833
834
835
836
837
838
839
840
841
842
843
844
852
853
854
855
862
863
864
865
866
867
868
869
870
871
872
873
874
875
876
877
878
879
880
881
888
889
890
891
892
893
894
895
896
897
898
899
900
918
922
959
960
961
962
963
964
982
983
984
985
986
987
988
989
990
991
992
993
994
995
996
997
1010
1011
1012
1013
1014
1015
1016
1017
1018
1019
1020
1021
1027
1028
1029
1030
1031
1070
1071
1072
1073
1074
1087
1088
1089
1090
1091
1092
1093
1094
1095
1096
1097
1098
1116
1117
1118
1119
1120
1121
1132
1133
1134
1135
1136
1137
1138
1145
1146
1147
1148
1149
1150
1151
1152
1153
1154
1155
1156
1157
1158
1159
1160
1161
1162
1169
1170
1171
1172
1173
1174
1175
1183
1184
1185
1186
1187
1188
1218
1219
1220
1221
1222
1223
1230
1231
1232
1233
1234
1235
1236
1238
1240
1258
1259
1260
1261
1262
1263
1264
1265
1268
1269
1281
1282
1283
1284
1285
1286
1292
1293
1294
1295
1296
1297
1309
1310
1311
1312
1313
1314
1315
1316
1317
1318
1319
1320
1321
1332
1333
1334
1335
1336
1337
1338
1339
1340
1341
1342
1343
1344
1345
1346
1347
1348
1349
1350
1351
1352
1353
1354
1355
1356
1357
1358
1376
1377
1378
1379
1380
1381
1399
1400
1420
1421
1422
1423
1424
1425
1450
1451
1452
1453
1454
1455
1456
1457
1469
1470
1471
1472
1473
1474
1481
1482
1483
1484
1485
1486
1495
1496
1497
1498
1499
1500
1501
1502
1503
1504
1505
1506
1507
1508
1509
1510
1511
1512
1513
1514
1515
1516
1517
1518
1519
1547
1548
1549
1550
1563
1564
1565
1566
1567
1568
1589
1590
1591
1592
1593
1594
1595
1614
1615
1616
1617
1618
1619
1620
1632
1633
1634
1635
1636
1637
1643
1644
1645
1646
1647
1649
1651
1653
1654
1655
1656
1657
1678
1679
1680
1681
1682
1683
1684
1685
1686
1687
1701
1702
1703
1704
1705
1706
1707
1708
1711
1712
1719
1720
1721
1722
1723
1724
1725
1726
1760
1761
1762
1763
1764
1765
1817
1819
1820
1821
1822
1823
1824
1825
1832
1833
1834
1835
1836
1837
1838
1852
1853
1854
1855
1856
1857
1880
1881
1882
1883
1884
1885
1886
1887
1888
1889
1890
1891
1892
1893
1894
1895
1896
1897
1898
1899
1900
1901
1902
1903
1904
1905
1906
1907
1908
1909
1910
1917
1918
1919
1920
1921
1922
1942
1943
1944
1945
1983
1984
1989
1997
1998
1999
2000
2001
2002
2003
2012
2013
2014
2015
2016
2017
2018
2019
2020
2021
2022
2023
2032
2033
2034
2035
2036
2037
2066
2067
2068
2069
2070
2073
2074
2075
2077
2083
2084
2085
2086
2087
2088
2089
2090
2131
2132
2133
2134
2135
2136
2137
2147
2148
2151
2154
2155
2187
2188
2189
2190
2191
2192
2193
2194
2195
2196
2197
2198
2199
2200
2201
2241
2242
2243
2244
2245
2246
2247
2248
2249
2250
2251
2252
2259
2260
2261
2262
2263
2264
2265
2276
2277
2278
2293
2294
2295
2296
2297
2298
2299
2307
2308
2309
2310
2311
2312
2313
2314
2315
2316
2317
2318
2319
2320
2321
2322
2323
2324
2325
2326
2327
2335
2336
2337
2338
2339
2340
2341
2342
2353
2354
2355
2356
2357
2358
2359
2376
2377
2378
2379
2380
2381
2382
2383
2384
2385
2386
2387
2396
2397
2398
2399
2400
2401
2402
2409
2410
2411
2416
2417
2418
2419
2420
2421
2454
2455
2456
2457
2458
2459
2460
2461
2462
2463
2464
2465
2466
2467
2468
2469
2470
2471
2485
2486
2487
2488
2489
2490
2497
2498
2499
2500
2501
2502
2503
2504
2505
2506
2507
2508
2515
2516
2517
2518
2519
2520
2521
2530
2531
2532
2533
2534
2535
2536
2543
2544
2545
2546
2547
2548
2549
2561
2562
2563
2564
2565
2566
2567
2568
2569
2570
2571
2572
2573
2582
2583
2584
2585
2586
2587
2588
2589
2590
2591
2592
2593
2594
2618
2619
2620
2621
2622
2623
2624
2663
2664
2665
2666
2667
2673
2674
2675
2676
2677
2678
2679
2700
2701
2702
2703
2704
2705
2718
2719
2738
2760
2761
2762
2763
2764
2765
2766
2781
2782
2783
2784
2785
2786
2787
2788
2789
2790
2791
2810
2811
2812
2813
2814
2815
2839
2840
2841
2842
2843
2844
2845
2876
2877
2878
2879
2880
2881
2896
2897
2898
2899
2900
2901
2902
2903
2904
2905
2906
2907
2908
2909
2910
2911
2912
2914
2935
2936
2937
2938
2939
2940
2958
2959
2960
2961
2962
2963
2977
2978
2979
2980
2981
2982
2983
2985
2986
2987
2988
2989
2990
3004
3005
3006
3007
3008
3009
3010
3011
3012
3013
3014
3039
3040
3041
3042
3043
3044
3051
3052
3053
3054
3055
3073
3074
3075
3076
3077
3078
3087
3088
3089
3090
3097
3098
3099
3100
3101
3102
3109
3110
3111
3112
3113
3114
3115
3116
3117
3118
3119
3120
3121
3122
3123
3124
3125
3126
3127
3135
3136
3140
3168
3169
3170
3171
3172
3173
3174
3175
3176
3177
3184
3186
3187
3188
3190
3191
3192
3193
3194
3195
3196
3197
3198
3199
3200
3205
3206
3207
3208
3209
3210
3211
3212
3213
3214
3215
3239
3240
3241
3242
3243
3244
3245
3246
3247
3248
3249
3250
3271
3272
3273
3274
3275
3276
3277
3290
3291
3292
3293
3294
3295
3296
3297
3298
3299
3300
3301
3302
3309
3310
3311
3312
3313
3342
3343
3344
3345
3346
3347
3374
3375
3376
3377
3378
3379
3380
3406
3407
3408
3409
3410
3411
3412
3413
3414
3415
3416
3417
3424
3425
3426
3427
3428
3429
3430
3431
3432
3433
3434
3435
3436
3437
3438
3439
3440
3441
3442
3443
3444
3445
3446
3447
3448
3449
3450
3451
3452
3453
3454
3455
3467
3468
3469
3470
3471
3477
3478
3479
3480
3481
3482
3483
3484
3485
3486
3487
3488
3512
3513
3514
3515
3516
3517
3518
3538
3539
3540
3541
3542
3543
3556
3557
3558
3559
3560
3561
3562
3563
3564
3565
3566
3567
3568
3643
3645
3657
3658
3659
3660
3661
3664
3666
3667
3668
3693
3694
3695
3696
3697
3698
3699
3700
3701
3702
3703
3704
3717
3718
3719
3720
3721
3722
3723
3724
3725
3726
3727
3728
3734
3735
3736
3737
3738
3739
3744
3745
3746
3747
3748
3749
3781
3782
3783
3784
3785
3786
3787
3788
3789
3790
3791
3792
3803
3804
3805
3806
3807
3808
3809
3812
3813
3819
3820
3821
3822
3823
3824
3825
3849
3850
3851
3852
3853
3854
3860
3861
3862
3863
3864
3865
3871
3872
3873
3874
3875
3876
3878
3899
3900
3901
3902
3903
3904
3911
3912
3913
3914
3915
3927
3928
3929
3930
3931
3932
3950
3951
3952
3953
3954
3955
3962
3963
3964
3965
3966
3967
3974
3975
3976
3977
3978
4036
4037
4038
4039
4040
4041
4042
4043
4044
4045
4046
4047
4048
4049
4050
4051
4052
4053
4054
4055
4056
4057
4058
4059
4060
4061
4062
4063
4064
4065
4066
4067
4068
4074
4075
4076
4077
4078
4092
4093
4097
4104
4105
4106
4107
4108
4119
4120
4121
4122
4123
4124
4125
4190
4191
4192
4193
4194
4195
4201
4202
4203
4205
4213
4214
4215
4216
4217
4218
4219
4220
4221
4222
4223
4224
4225
4226
4227
4228
4235
4236
4237
4238
4239
4240
4241
4242
4243
4244
4245
4251
4252
4253
4254
4255
4256
4262
4263
4264
4265
4266
4267
4268
4269
4270
4271
4272
4279
4284
4285
4286
4287
4288
4309
4310
4311
4312
4313
4314
4327
4328
4329
4330
4331
4332
4333
4334
4335
4336
4337
4355
4356
4357
4358
4359
4360
4361
4362
4363
4364
4365
4372
4373
4374
4375
4376
4377
4384
4385
4386
4387
4388
4389
4397
4399
4400
4412
4413
4414
4415
4421
4422
4423
4424
4425
4426
4427
4428
4429
4430
4442
4443
4444
4445
4446
4447
4448
4449
4450
4451
4452
4453
4467
4468
4474
4475
4476
4477
4478
4479
4504
4505
4506
4507
4508
4509
4510
4511
4512
4513
4514
4520
4521
4525
4526
4527
4554
4555
4556
4574
4575
4576
4577
4578
4579
4580
4581
4582
4583
4584
4585
4586
4587
4588
4589
4590
4591
4592
4593
4627
4628
4629
4630
4631
4637
4638
4639
4640
4641
4642
4643
4644
4645
4646
4667
4668
4669
4670
4672
4674
4677
4678
4679
4680
4681
4682
4683
4684
4685
4686
4687
4688
4701
4703
4719
4720
4727
4728
4729
4732
4733
4734
4740
4741
4742
4743
4744
4745
4746
4747
4748
4749
4750
4751
4752
4757
4758
4762
4763
4764
4765
4766
4767
4768
4769
4770
4771
4772
4781
4782
4783
4784
4785
4805
4806
4807
4808
4829
4830
4831
4832
4833
4834
4835
4836
4837
4838
4848
4849
4850
4860
4862
4877
4878
4879
4880
4881
4882
4891
4892
4893
4894
4895
4896
4897
4898
4899
4900
4901
4902
4903
4904
4905
4906
4914
4915
4916
4917
4918
4928
4929
4930
4931
4932
4933
4934
4935
4936
4937
4958
4959
4960
4961
4962
4963
4964
4965
4966
4967
4968
4969
4970
4983
4984
4985
4986
4987
4999
5001
5002
5003
5004
5005
5006
5007
5008
5014
5015
5016
5017
5018
5020
5022
5023
5024
5025
5026
5027
5035
5036
5053
5054
5060
5061
5062
5067
5068
5069
5083
5084
5085
5086
5094
5095
5096
5105
5106
5107
5108
5109
5110
5111
5125
5126
5144
5145
5146
5147
5157
5158
5159
5165
5166
5167
5168
5169
5170
5184
5185
5186
5192
5193
5194
5196
5197
5215
5216
5217
5218
5219
5224
5225
5226
5227
5228
5229
5230
5231
5232
5233
5237
5253
5256
5257
5258
5264
5265
5266
5283
5284
5285
5286
5287
5292
5293
5294
5295
5296
5297
5298
5299
5315
5316
5318
5319
5320
5321
5322
5323
5324
5325
5326
5327
5333
5334
5335
5336
5337
5349
5350
5351
5352
5353
5356
5359
5360
5361
5362
5363
5373
5374
5375
5376
5379
5380
5381
5382
5383
5396
5397
5400
5401
5402
5403
5404
5405
5406
5423
5424
5425
5426
5427
5428
5433
5434
5445
5450
5451
5452
5453
5457
5458
5459
5464
5465
5470
5471
5473
5474
5475
5476
5477
5478
5490
5491
5513
5514
5515
5516
5528
5529
5530
5531
5533
5534
5535
5536
5537
5538
5539
5540
5541
5542
5543
5553
5554
5555
5556
5557
5558
5559
5560
5568
5569
5570
5571
5572
5575
5576
5577
5582
5583
5584
5585
5586
5587
5588
5590
5591
5592
5595
5597
5598
5599
5608
5609
5610
5611
5612
5613
5614
5615
5616
5617
5619
5620
5634
5635
5636
5637
5638
5639
5643
5644
5647
5648
5649
5653
5654
5655
5656
5662
5669
5673
5674
5684
5685
5686
5692
5693
5697
5698
5702
5703
5704
5710
5712
5713
5714
5715
5716
5717
5724
5727
5728
5729
5730
5731
5732
5733
5742
5743
5744
5745
5746
5747
5748
5752
5753
5766
5767
5768
5769
5770
5777
5778
5779
5791
5792
5797
5798
5799
5800
5801
5804
5805
5811
5812
5813
5814
5826
5827
5828
5833
5837
5838
5839
5840
5841
5842
5843
5849
5850
5851
5852
5853
5854
5855
5856
5857
5862
5874
5893
5894
5895
5909
5910
5913
5914
5916
5917
5918
5920
5921
5922
5925
5928
5934
5935
5937
5938
5939
5940
5941
5942
5958
5959
5960
5963
5964
5965
5966
5976
5981
5986
5994
5996
5997
5998
5999
6006
6007
6011
6013
6014
6015
6016
6019
6020
6030
6031
6034
6035
6036
6037
6039
6040
6048
6049
6050
6051
6052
6062
6063
6078
6098
6100
6107
6116
6117
6133
6134
6145
6146
6149
6164
6165
6173
6174
6184
6185
6186
6192
6203
6204
6207
6221
6222
6223
6226
6227
6231
6232
6234
6246
6249
6250
6251
6252
6259
6263
6264
6266
6279
6282
6284
6285
6286
6301
6302
6303
6304
6305
6306
6307
6308
6311
6315
6332
6344
6349
6358
6359
6362
6364
6365
6366
6369
6370
6371
6372
6383
6384
6394
6398
6399
6406
6413
6414
6416
6417
6422
6423
6424
6428
6429
6430
6435
6438
6439
6448
6451
6458
6464
6465
6466
6467
6468
6469
6473
6475
6478
6482
6485
6486
6487
6497
6502
6504
6508
6509
6512
6513
6517
6518
6520
6521
6524
6525
6526
6529
6535
6542
6543
6545
6548
6555
6586
6590
6591
6592
6593
6594
6595
6602
6614
6616
6617
6618
6621
6622
6625
6628
6629
6631
6641
6644
6652
6658
6664
6671
6672
6673
6676
6677
6685
