853
0
1
2
3
4
5
6
7
8
9
10
11
12
13
14
15
28
29
30
31
32
33
44
45
46
47
48
49
50
140
141
142
143
144
145
264
265
266
267
268
269
270
307
309
310
311
312
353
355
356
357
377
378
379
380
381
399
400
401
402
403
404
405
406
407
408
409
410
470
471
472
473
474
475
476
489
490
491
492
493
494
521
522
523
524
525
526
551
552
553
554
555
556
565
567
570
571
572
573
574
575
588
589
590
591
592
593
594
611
612
613
614
615
619
620
621
622
623
624
625
626
627
628
629
630
631
632
633
634
635
636
637
644
645
646
647
649
650
651
674
756
760
761
762
884
885
887
925
926
927
928
929
930
931
932
945
946
947
948
949
950
951
1004
1005
1006
1007
1008
1009
1022
1023
1025
1038
1039
1040
1041
1042
1043
1044
1128
1163
1164
1165
1166
1177
1178
1179
1191
1192
1225
1227
1229
1247
1248
1249
1250
1251
1276
1277
1278
1279
1280
1328
1329
1330
1331
1370
1371
1372
1373
1374
1375
1541
1542
1543
1544
1545
1546
1558
1562
1582
1626
1627
1628
1629
1630
1631
1638
1639
1640
1641
1642
1658
1659
1660
1661
1662
1663
1664
1665
1666
1667
1668
1669
1670
1783
1784
1785
1786
1787
1788
1839
1840
1841
1842
1843
1844
1845
1846
1847
1848
1849
1850
1851
1868
1869
1870
1871
1872
1873
1923
1924
1925
1926
1927
1928
1929
1936
1937
1938
1939
1940
1941
1964
1966
1968
1969
1970
2025
2027
2028
2029
2030
2051
2052
2053
2054
2055
2056
2057
2098
2099
2100
2101
2102
2103
2104
2107
2108
2117
2118
2119
2120
2121
2122
2123
2124
2125
2126
2127
2128
2129
2130
2157
2158
2167
2168
2176
2177
2178
2179
2208
2210
2211
2214
2227
2228
2229
2230
2231
2232
2233
2347
2348
2349
2350
2351
2366
2435
2436
2437
2438
2439
2440
2441
2478
2479
2482
2483
2484
2557
2558
2559
2560
2575
2576
2577
2578
2579
2580
2595
2596
2599
2601
2610
2611
2612
2613
2614
2615
2616
2617
2651
2652
2655
2656
2657
2658
2661
2662
2668
2670
2713
2714
2716
2717
2723
2724
2725
2726
2727
2728
2742
2743
2744
2798
2799
2801
2802
2803
2828
2829
2830
2831
2832
2860
2864
2870
2871
2872
2873
2874
2875
2916
2917
2918
2919
2920
2921
2922
2952
2953
2954
2955
2956
2957
2971
2972
2973
2976
3023
3028
3029
3030
3031
3032
3146
3147
3148
3149
3201
3202
3203
3204
3360
3361
3363
3418
3419
3420
3421
3422
3423
3458
3472
3474
3475
3532
3533
3534
3535
3536
3537
3550
3551
3552
3553
3554
3555
3569
3570
3571
3572
3573
3580
3581
3585
3592
3594
3595
3607
3608
3611
3612
3618
3619
3620
3621
3622
3706
3707
3708
3709
3755
3756
3757
3758
3759
3760
3761
3826
3827
3828
3829
3830
3831
3832
3844
3845
3846
3847
3848
3945
3946
3947
3948
3949
3957
3958
3959
3961
4018
4020
4025
4086
4088
4089
4090
4091
4126
4127
4128
4129
4130
4131
4138
4139
4140
4141
4142
4143
4144
4145
4146
4147
4148
4149
4150
4151
4152
4153
4154
4155
4156
4157
4209
4323
4324
4325
4345
4347
4367
4368
4369
4371
4378
4379
4380
4381
4382
4383
4390
4391
4392
4393
4394
4395
4441
4454
4455
4456
4457
4458
4459
4460
4480
4481
4484
4485
4492
4493
4494
4496
4603
4604
4605
4606
4608
4614
4652
4653
4662
4663
4664
4665
4666
4715
4716
4735
4736
4866
4867
4868
4869
4870
4883
4884
4885
4886
4887
4955
4956
4957
4971
4972
4973
4974
4975
4976
4996
4997
5011
5055
5056
5057
5058
5059
5078
5079
5080
5081
5082
5160
5162
5163
5164
5203
5204
5248
5249
5250
5251
5267
5268
5269
5270
5271
5277
5278
5340
5341
5342
5346
5347
5348
5369
5370
5371
5372
5411
5412
5413
5414
5415
5429
5430
5431
5432
5446
5447
5460
5461
5466
5467
5468
5469
5472
5479
5480
5481
5482
5483
5492
5493
5494
5495
5496
5499
5500
5501
5502
5503
5504
5505
5506
5507
5508
5517
5518
5521
5525
5527
5550
5552
5579
5594
5640
5641
5642
5650
5651
5652
5675
5676
5679
5680
5681
5682
5683
5701
5711
5723
5734
5771
5772
5793
5794
5795
5796
5829
5830
5831
5844
5859
5860
5864
5878
5879
5904
5919
5957
5961
5962
5975
5977
5987
5988
5993
6003
6004
6027
6029
6060
6077
6087
6088
6096
6097
6108
6140
6166
6167
6168
6187
6188
6200
6201
6202
6224
6225
6230
6248
6257
6258
6260
6262
6265
6268
6269
6270
6271
6294
6295
6297
6320
6321
6324
6325
6329
6330
6333
6334
6336
6337
6338
6353
6357
6386
6387
6395
6397
6420
6426
6444
6452
6453
6454
6498
6499
6500
6505
6510
6516
6533
6541
6547
6552
6553
6556
6559
6562
6564
6566
6567
6568
6573
6574
6615
6619
6646
6653
6655
6656
6669
