935
0
1
2
3
4
5
71
72
73
74
75
76
77
153
156
263
264
265
266
267
268
269
380
381
382
383
384
385
386
387
388
389
390
391
392
445
446
447
448
449
485
488
540
541
542
545
547
548
549
550
551
552
553
554
555
556
557
634
635
636
637
638
639
652
653
654
655
656
657
842
843
844
845
846
847
848
901
902
903
904
905
906
918
919
920
921
922
923
924
925
926
927
928
929
930
945
946
947
950
951
952
953
955
956
957
958
959
960
961
963
1026
1027
1028
1029
1030
1031
1032
1073
1075
1119
1120
1121
1122
1123
1124
1131
1132
1133
1134
1135
1136
1137
1190
1192
1193
1194
1237
1238
1239
1240
1241
1242
1252
1253
1255
1256
1261
1396
1397
1398
1399
1400
1401
1402
1488
1489
1490
1491
1492
1493
1494
1495
1496
1498
1524
1525
1526
1527
1528
1536
1537
1538
1539
1540
1541
1542
1603
1604
1605
1728
1729
1730
1731
1732
1746
1747
1748
1757
1758
1759
1760
1761
1762
1763
1824
1825
1826
1827
1828
1836
1837
1838
1839
1840
1841
1854
1855
1856
1857
1858
1859
1860
1867
1868
1869
1870
1871
1977
1978
1979
1980
1986
1987
1988
1989
1990
1991
2065
2069
2163
2164
2165
2242
2243
2244
2245
2252
2253
2254
2255
2256
2257
2258
2323
2325
2326
2353
2354
2355
2356
2357
2358
2371
2372
2373
2374
2375
2376
2395
2397
2415
2416
2417
2418
2419
2420
2421
2618
2623
2624
2625
2626
2627
2628
2655
2656
2657
2658
2659
2660
2728
2729
2730
2731
2732
2733
2810
2812
2837
2838
2839
2840
2874
2875
2876
2877
2878
2879
2880
2905
2906
2907
2908
2909
2910
3086
3093
3094
3095
3096
3097
3135
3136
3249
3251
3252
3255
3275
3276
3277
3278
3307
3308
3309
3310
3311
3312
3313
3355
3356
3357
3358
3359
3360
3413
3414
3415
3416
3417
3418
3419
3494
3495
3496
3497
3498
3506
3520
3521
3525
3526
3739
3740
3741
3742
3743
3744
3769
3770
3771
3772
3792
3793
3794
3797
3877
3878
3936
3937
3938
3939
3940
3941
3987
3988
3991
3992
3993
3994
3995
3996
3997
3998
3999
4041
4046
4047
4048
4049
4050
4051
4052
4116
4117
4119
4120
4129
4130
4204
4205
4206
4237
4238
4239
4240
4241
4242
4245
4246
4247
4248
4274
4275
4276
4277
4278
4279
4280
4281
4282
4283
4284
4285
4306
4310
4339
4340
4341
4342
4343
4344
4345
4352
4353
4354
4355
4356
4357
4358
4384
4385
4386
4387
4388
4389
4390
4462
4463
4464
4465
4466
4467
4470
4490
4491
4492
4493
4494
4495
4509
4510
4511
4512
4513
4514
4527
4528
4529
4530
4531
4532
4533
4536
4541
4542
4543
4544
4545
4552
4553
4554
4555
4556
4557
4698
4699
4702
4703
4704
4705
4707
4831
4832
4833
4834
4835
4836
4837
4947
4948
4949
4950
4951
4952
4953
4954
4955
4956
4957
4958
4965
4966
4967
4968
4969
4970
4971
4991
5034
5035
5036
5037
5038
5039
5069
5071
5072
5073
5074
5075
5081
5083
5084
5085
5086
5165
5166
5167
5168
5169
5170
5171
5172
5173
5174
5175
5184
5185
5188
5189
5251
5255
5323
5326
5378
5379
5380
5381
5382
5383
5384
5488
5489
5490
5491
5492
5539
5540
5541
5542
5543
5544
5551
5552
5554
5555
5621
5622
5623
5624
5625
5626
5645
5646
5647
5648
5667
5668
5669
5670
5671
5778
5779
5780
5781
5782
5783
5906
5907
5908
5909
5910
6010
6011
6012
6013
6014
6154
6183
6185
6189
6190
6191
6193
6200
6201
6202
6203
6204
6205
6216
6217
6218
6219
6220
6221
6222
6331
6332
6349
6350
6351
6353
6371
6372
6375
6376
6383
6384
6385
6387
6449
6450
6451
6452
6463
6464
6465
6466
6467
6468
6553
6555
6561
6675
6676
6677
6681
6682
6782
6783
6832
6833
6834
6835
6879
6881
6882
6930
6931
6932
6933
6934
6935
6936
7020
7024
7029
7030
7032
7067
7068
7081
7082
7083
7089
7108
7109
7110
7111
7112
7113
7152
7153
7154
7155
7166
7215
7216
7217
7218
7219
7243
7245
7261
7262
7263
7264
7265
7359
7360
7361
7362
7401
7402
7403
7404
7410
7412
7413
7414
7454
7499
7500
7503
7521
7522
7523
7524
7525
7587
7588
7709
7710
7711
7723
7725
7726
7727
7729
7730
7731
7732
7753
7754
7759
7760
7795
7796
7811
7812
7813
7823
7824
7825
7826
7827
7828
7864
7870
7871
7872
7873
7874
7895
7896
7907
7908
7919
7920
7929
7930
7931
7932
7934
7937
7938
7950
7951
7952
7953
7954
7972
7973
7974
7975
8062
8065
8066
8071
8091
8121
8122
8123
8163
8164
8165
8166
8167
8169
8191
8202
8230
8268
8289
8290
8291
8292
8313
8314
8315
8322
8324
8344
8345
8346
8355
8356
8408
8413
8414
8415
8416
8417
8418
8427
8428
8429
8466
8494
8514
8518
8526
8527
8533
8534
8540
8563
8565
8579
8580
8581
8628
8629
8654
8663
8664
8677
8702
8703
8721
8724
8725
8727
8734
8735
8738
8739
8741
8742
8759
8782
8783
8808
8809
8851
8852
8869
8879
8884
8885
8918
8919
8920
8923
8924
8925
8928
8937
8938
8953
8954
8966
8967
8971
8978
8999
9000
9021
9031
9032
9033
9070
9077
9078
9084
9105
9126
9137
9139
9140
9165
9173
9181
9192
9209
9222
9223
9226
9231
9236
9238
9240
9241
9242
9278
9293
9314
9315
9316
9321
9322
9356
9357
9375
9376
9377
9388
9389
9395
9400
9403
9407
9420
9429
