1680
0
1
2
5
6
8
10
11
74
75
76
77
78
79
171
214
215
216
217
218
219
220
227
228
229
230
231
232
233
244
245
246
247
248
249
250
334
335
336
337
338
339
340
373
374
375
376
377
378
379
470
471
472
473
474
475
513
514
515
516
517
518
532
533
534
535
536
537
544
545
546
547
548
562
563
564
568
617
618
619
620
624
625
626
627
628
629
647
648
665
666
667
668
669
670
671
672
673
674
675
676
677
703
704
705
706
707
795
796
797
798
799
829
830
905
906
907
908
909
910
932
933
934
936
957
959
997
998
999
1000
1001
1002
1035
1036
1037
1038
1039
1079
1080
1081
1082
1084
1085
1086
1087
1088
1089
1090
1104
1105
1106
1107
1108
1109
1129
1130
1131
1132
1133
1134
1135
1153
1154
1155
1186
1187
1190
1214
1217
1218
1291
1325
1326
1387
1388
1393
1400
1401
1402
1403
1404
1405
1406
1410
1426
1427
1428
1429
1430
1431
1432
1471
1472
1484
1488
1489
1490
1523
1524
1525
1526
1527
1528
1553
1554
1555
1556
1557
1558
1575
1576
1577
1578
1579
1580
1596
1597
1598
1599
1600
1601
1602
1603
1604
1616
1617
1618
1619
1620
1621
1649
1650
1651
1652
1653
1654
1683
1684
1685
1686
1687
1689
1691
1692
1693
1731
1732
1733
1734
1735
1736
1760
1761
1762
1763
1764
1765
1790
1792
1793
1825
1826
1827
1828
1829
1830
1843
1844
1845
1846
1847
1848
1850
1851
1889
1893
1894
1895
1896
1897
1898
1899
1900
1901
1902
1903
1904
1905
1906
1907
1908
1909
1910
1911
1945
1946
1947
1948
1949
2017
2019
2020
2076
2077
2078
2079
2080
2173
2174
2175
2176
2177
2286
2287
2288
2289
2290
2291
2335
2338
2339
2364
2365
2366
2367
2368
2369
2382
2383
2384
2385
2386
2414
2415
2416
2417
2418
2419
2420
2421
2469
2470
2471
2472
2473
2508
2560
2562
2564
2591
2592
2593
2594
2595
2596
2597
2598
2599
2600
2601
2602
2603
2615
2616
2617
2618
2619
2620
2621
2624
2625
2626
2628
2671
2672
2673
2674
2675
2676
2677
2691
2692
2695
2700
2703
2704
2705
2706
2707
2708
2711
2712
2736
2737
2738
2739
2740
2777
2778
2779
2780
2782
2917
2919
2920
2921
2922
2969
2970
2971
2972
2973
2974
2975
2976
2991
2992
2993
2994
2995
2996
2997
3050
3051
3055
3056
3057
3058
3059
3060
3061
3068
3069
3070
3071
3072
3085
3086
3087
3088
3089
3090
3124
3125
3126
3127
3128
3129
3196
3197
3198
3199
3200
3201
3202
3244
3245
3246
3247
3248
3249
3250
3253
3256
3270
3271
3272
3273
3274
3275
3282
3283
3284
3285
3286
3287
3288
3289
3290
3291
3292
3293
3294
3295
3304
3305
3306
3307
3308
3309
3310
3311
3312
3313
3314
3315
3316
3317
3318
3332
3333
3334
3356
3357
3358
3359
3360
3361
3362
3363
3364
3390
3391
3422
3423
3424
3466
3467
3468
3498
3499
3500
3501
3502
3503
3561
3562
3563
3564
3565
3566
3567
3568
3575
3581
3596
3597
3598
3599
3600
3601
3634
3635
3636
3637
3638
3639
3640
3641
3642
3643
3644
3645
3646
3647
3680
3681
3682
3683
3769
3770
3771
3772
3773
3774
3802
3804
3808
3882
3883
3901
3902
3904
3905
3906
3933
3934
3935
3936
3937
3946
3947
3948
3949
3950
3951
3952
3953
3954
3956
3957
3959
3961
3962
3964
3965
3966
3967
3968
3969
3970
3973
3974
3975
3978
3990
3991
3992
3993
3994
3995
4021
4022
4023
4024
4026
4027
4028
4059
4060
4078
4079
4080
4081
4082
4083
4084
4093
4094
4102
4103
4104
4105
4106
4107
4129
4130
4161
4162
4163
4164
4165
4166
4167
4168
4176
4177
4178
4179
4180
4181
4182
4191
4192
4193
4194
4195
4241
4245
4246
4264
4265
4266
4267
4268
4269
4305
4306
4307
4315
4316
4317
4318
4319
4320
4321
4327
4328
4329
4330
4331
4332
4369
4370
4372
4373
4374
4375
4376
4377
4378
4379
4380
4381
4382
4383
4384
4387
4417
4418
4419
4420
4421
4422
4423
4424
4425
4426
4427
4428
4429
4430
4431
4438
4439
4440
4441
4442
4443
4444
4445
4552
4553
4554
4557
4565
4566
4567
4568
4569
4570
4596
4597
4598
4599
4600
4601
4602
4609
4610
4611
4612
4613
4614
4615
4731
4735
4736
4737
4738
4766
4767
4852
4853
4854
4855
4856
4857
4919
4920
4921
4922
4923
4978
4979
4980
4981
4982
4996
4997
4998
4999
5000
5001
5002
5005
5006
5007
5033
5034
5035
5036
5037
5038
5045
5046
5047
5048
5049
5050
5057
5058
5059
5060
5061
5062
5063
5083
5084
5085
5086
5087
5088
5101
5102
5103
5104
5105
5106
5177
5178
5179
5180
5181
5182
5284
5285
5286
5287
5288
5289
5341
5342
5343
5344
5345
5346
5389
5391
5424
5425
5513
5514
5516
5517
5530
5531
5532
5533
5534
5535
5536
5581
5583
5622
5623
5624
5625
5626
5627
5656
5657
5658
5659
5660
5661
5663
5664
5665
5674
5675
5677
5678
5680
5691
5692
5703
5704
5705
5706
5707
5708
5709
5710
5711
5712
5713
5714
5722
5723
5726
5747
5748
5749
5750
5751
5752
5753
5754
5755
5756
5757
5758
5769
5798
5811
5812
5813
5814
5815
5831
5832
5833
5834
5835
5836
5852
5853
5854
5855
5856
5870
5871
5872
5873
5874
5875
5876
5904
5905
5906
5907
5908
5909
5910
5911
5912
5913
5914
5915
5916
5919
5920
5958
5959
5960
5961
5962
5963
6029
6030
6031
6032
6033
6046
6047
6048
6049
6050
6053
6055
6066
6067
6068
6069
6070
6082
6083
6084
6085
6086
6087
6088
6089
6090
6091
6092
6093
6115
6116
6117
6118
6119
6120
6211
6213
6215
6216
6217
6218
6219
6220
6249
6250
6251
6252
6253
6260
6264
6265
6289
6290
6291
6292
6293
6294
6306
6307
6308
6309
6310
6311
6350
6351
6352
6354
6355
6356
6413
6414
6415
6416
6417
6418
6462
6463
6464
6465
6466
6467
6468
6508
6509
6510
6511
6512
6550
6551
6552
6553
6554
6589
6590
6591
6592
6593
6594
6595
6607
6608
6609
6610
6611
6628
6629
6630
6631
6632
6728
6729
6730
6731
6742
6743
6744
6745
6746
6748
6749
6750
6853
6854
6855
6856
6857
6892
6893
6895
6896
6897
6937
6938
6939
6940
6941
6942
6961
6963
6999
7000
7001
7002
7003
7004
7010
7012
7014
7016
7017
7046
7048
7049
7064
7065
7066
7067
7079
7080
7081
7082
7083
7084
7085
7086
7087
7088
7110
7113
7174
7175
7201
7202
7203
7230
7231
7232
7254
7255
7256
7261
7262
7263
7264
7265
7266
7292
7293
7294
7295
7296
7297
7375
7384
7385
7386
7388
7406
7407
7408
7409
7410
7411
7440
7441
7442
7443
7444
7445
7464
7465
7467
7468
7502
7505
7545
7549
7550
7562
7563
7564
7565
7566
7570
7571
7572
7573
7623
7624
7625
7626
7627
7634
7635
7636
7657
7658
7659
7660
7661
7686
7687
7690
7697
7698
7750
7775
7776
7793
7882
7884
7885
7886
7911
7914
7915
7926
7927
7928
7949
7950
7951
7952
7953
7954
7955
7962
7963
7972
7973
7974
7997
7998
8001
8015
8016
8017
8050
8051
8052
8053
8054
8069
8071
8128
8129
8147
8148
8159
8160
8161
8162
8173
8176
8177
8178
8180
8220
8221
8222
8240
8241
8242
8243
8244
8245
8246
8247
8248
8249
8264
8290
8291
8292
8293
8294
8295
8336
8337
8338
8390
8391
8392
8393
8400
8404
8405
8412
8451
8452
8453
8454
8459
8460
8461
8462
8463
8496
8548
8550
8551
8570
8571
8595
8603
8609
8610
8616
8617
8618
8619
8620
8621
8622
8636
8637
8660
8661
8662
8663
8664
8683
8684
8685
8686
8692
8693
8694
8695
8733
8736
8740
8741
8742
8743
8744
8745
8746
8762
8766
8776
8780
8781
8782
8783
8784
8786
8787
8798
8799
8800
8829
8830
8831
8861
8862
8864
8873
8874
8875
8876
8877
8893
8894
8895
8914
8915
8916
8917
8939
8941
8950
8951
8979
8980
8981
8982
8983
8984
8991
8992
8993
8994
9005
9006
9014
9023
9025
9039
9052
9053
9054
9055
9056
9062
9063
9069
9070
9071
9072
9073
9081
9082
9083
9091
9092
9093
9112
9113
9114
9115
9116
9117
9118
9123
9141
9144
9156
9157
9158
9170
9171
9172
9217
9222
9223
9294
9295
9296
9297
9300
9302
9303
9307
9308
9359
9383
9400
9401
9402
9405
9406
9419
9425
9426
9435
9439
9440
9448
9449
9463
9473
9474
9480
9481
9482
9489
9497
9498
9502
9504
9505
9506
9507
9508
9510
9511
9515
9518
9538
9540
9541
9542
9543
9546
9547
9573
9574
9575
9584
9588
9590
9593
9607
9609
9610
9611
9612
9615
9616
9620
9622
9637
9638
9648
9649
9667
9668
9695
9696
9707
9712
9713
9714
9715
9716
9724
9733
9750
9752
9765
9769
9771
9772
9773
9774
9775
9776
9782
9783
9784
9785
9788
9789
9793
9794
9803
9804
9811
9830
9831
9832
9833
9834
9835
9836
9837
9839
9840
9841
9849
9853
9863
9864
9870
9883
9884
9885
9912
9913
9914
9915
9916
9917
9919
9922
9923
9932
9933
9934
9942
9943
9951
9959
9960
9961
9969
9970
9971
9984
9986
9987
9988
9992
9995
9996
10009
10010
10011
10014
10020
10036
10040
10041
10042
10043
10044
10052
10053
10056
10057
10058
10074
10117
10136
10144
10145
10150
10151
10176
10179
10184
10190
10193
10194
10195
10197
10198
10201
10202
10208
10223
10243
10254
10259
10262
10263
10272
10273
10274
10275
10287
10288
10295
10300
10310
10311
10315
10331
10345
10346
10348
10356
10364
10372
10374
10375
10376
10378
10381
10385
10388
10391
10393
10394
10400
10401
10402
10403
10412
10413
10422
10423
10425
10444
10445
10463
10467
10470
10474
10477
10479
10480
10482
10489
10494
10495
10502
10506
10520
10529
10534
10535
10536
10538
10539
10540
10546
10549
10550
10551
10556
10558
10559
10561
10562
10565
10570
10571
10573
10575
10576
10580
10581
10582
10584
10591
10592
10595
10596
10597
