1709
0
1
2
3
70
71
72
73
74
75
76
95
96
97
98
99
100
101
102
103
104
105
106
107
182
183
184
185
186
187
188
189
190
191
195
196
197
198
199
200
201
202
203
204
205
206
230
231
232
233
234
235
236
237
239
240
241
274
275
277
278
279
280
281
282
283
284
285
355
356
357
358
359
360
574
575
576
577
578
579
580
649
650
651
652
653
655
657
658
659
756
760
762
810
811
812
813
814
815
816
852
853
854
855
856
884
885
886
887
888
889
890
891
892
893
894
929
930
931
932
933
934
935
936
959
960
961
962
963
964
971
972
973
974
975
976
977
978
979
980
981
982
984
985
986
988
990
991
992
993
994
995
996
997
1004
1006
1011
1012
1013
1014
1015
1028
1029
1030
1031
1032
1062
1063
1064
1065
1066
1067
1068
1076
1078
1083
1084
1085
1086
1087
1088
1089
1090
1091
1092
1093
1094
1118
1119
1120
1121
1122
1123
1124
1176
1180
1181
1278
1279
1284
1314
1318
1319
1320
1327
1328
1329
1330
1331
1332
1333
1334
1335
1336
1337
1338
1339
1340
1343
1344
1345
1346
1411
1412
1414
1416
1417
1418
1421
1422
1456
1457
1463
1494
1495
1513
1517
1518
1519
1607
1668
1669
1670
1671
1704
1705
1706
1707
1708
1709
1710
1722
1723
1724
1725
1726
1727
1763
1764
1769
1795
1796
1797
1798
1799
1800
1832
1834
1835
1837
1838
1839
1840
1841
1842
1896
1897
1898
1899
1900
1901
1914
1917
1919
1941
1942
1945
1963
1964
1965
2025
2026
2084
2086
2088
2089
2090
2091
2092
2093
2094
2136
2137
2138
2139
2140
2141
2142
2156
2157
2158
2159
2160
2198
2199
2200
2201
2285
2286
2287
2288
2289
2308
2309
2310
2311
2312
2313
2338
2339
2340
2341
2342
2343
2344
2345
2390
2391
2392
2393
2394
2395
2410
2411
2412
2413
2414
2415
2426
2427
2428
2429
2430
2456
2457
2458
2459
2460
2531
2532
2536
2585
2605
2606
2607
2608
2609
2610
2658
2660
2661
2662
2663
2664
2665
2666
2667
2668
2681
2682
2683
2684
2685
2686
2687
2698
2713
2714
2715
2716
2727
2728
2729
2730
2731
2732
2733
2782
2783
2784
2785
2786
2787
2788
2789
2790
2791
2792
2793
2794
2795
2796
2797
2798
2799
2800
2801
2802
2803
2804
2805
2806
2809
2810
2813
2814
2815
2816
2817
2843
2844
2845
2846
2847
2848
2855
2856
2857
2858
2859
2860
2861
2875
3041
3042
3043
3073
3074
3075
3076
3077
3078
3099
3100
3101
3102
3103
3104
3105
3141
3142
3143
3144
3151
3152
3153
3154
3155
3156
3169
3170
3171
3172
3173
3174
3175
3188
3189
3190
3191
3192
3193
3194
3225
3226
3227
3228
3229
3230
3235
3236
3237
3249
3250
3256
3284
3285
3286
3287
3288
3296
3297
3298
3299
3300
3301
3302
3303
3324
3327
3334
3335
3348
3349
3350
3351
3352
3353
3354
3355
3356
3357
3358
3359
3360
3361
3382
3383
3384
3385
3386
3387
3413
3414
3415
3416
3417
3418
3419
3425
3426
3427
3431
3432
3433
3434
3435
3448
3449
3450
3451
3452
3453
3454
3455
3456
3457
3458
3459
3460
3461
3462
3480
3481
3503
3504
3505
3506
3507
3520
3521
3550
3551
3552
3553
3554
3555
3556
3558
3562
3571
3572
3573
3574
3575
3576
3615
3616
3631
3632
3633
3634
3635
3636
3637
3638
3639
3641
3642
3643
3704
3705
3706
3707
3708
3709
3710
3768
3769
3770
3771
3772
3773
3774
3825
3826
3827
3828
3829
3830
3904
3905
3906
3907
3908
3909
3953
3954
3955
3956
3957
3958
3959
3960
3961
3962
3963
3964
3965
3966
3967
3968
3969
3970
3971
3972
4036
4037
4070
4071
4072
4073
4074
4075
4076
4077
4111
4112
4115
4116
4117
4182
4183
4184
4185
4186
4187
4221
4222
4223
4224
4225
4226
4227
4228
4235
4236
4237
4238
4239
4240
4261
4262
4263
4264
4265
4266
4269
4271
4287
4288
4290
4291
4292
4306
4307
4308
4309
4310
4311
4312
4313
4314
4317
4319
4341
4342
4343
4344
4345
4346
4448
4450
4451
4452
4453
4461
4462
4465
4466
4483
4484
4485
4515
4516
4517
4518
4519
4520
4552
4553
4554
4555
4556
4557
4583
4584
4585
4586
4587
4595
4596
4597
4598
4599
4600
4601
4609
4610
4611
4612
4613
4614
4615
4630
4631
4632
4633
4634
4635
4659
4660
4661
4715
4716
4718
4719
4720
4764
4784
4785
4786
4787
4788
4807
4808
4809
4810
4811
4812
4813
4834
4835
4836
4837
4838
4839
4884
4885
4886
4887
4889
4890
4891
4906
4907
4908
4909
4910
4925
4926
4929
4930
4994
4995
4996
4997
4998
5005
5007
5008
5009
5010
5011
5012
5013
5014
5015
5016
5017
5018
5019
5020
5039
5040
5041
5042
5043
5044
5045
5087
5088
5089
5090
5091
5092
5114
5115
5116
5124
5125
5128
5129
5132
5133
5134
5135
5136
5137
5138
5157
5160
5169
5170
5172
5173
5227
5228
5229
5230
5231
5232
5377
5378
5415
5416
5417
5418
5441
5442
5443
5444
5445
5446
5463
5464
5469
5470
5471
5472
5473
5474
5495
5496
5497
5498
5520
5521
5576
5577
5579
5580
5604
5605
5606
5607
5608
5620
5621
5644
5645
5646
5647
5648
5649
5705
5706
5707
5708
5709
5710
5711
5712
5713
5714
5715
5716
5717
5718
5897
5898
5899
5900
5901
5902
5903
5915
5916
5917
5918
5919
5920
5948
5949
5950
5952
5976
5977
5978
5979
5980
5981
5988
5989
5991
5993
5994
5995
5996
5997
5998
5999
6025
6026
6027
6028
6029
6030
6031
6032
6033
6046
6047
6048
6049
6050
6051
6052
6084
6086
6087
6118
6119
6120
6121
6122
6150
6151
6152
6153
6154
6236
6308
6310
6318
6319
6320
6321
6322
6323
6503
6505
6584
6585
6586
6588
6607
6608
6609
6610
6611
6627
6628
6629
6630
6631
6632
6633
6634
6635
6636
6643
6644
6645
6646
6647
6648
6649
6674
6676
6693
6704
6705
6707
6708
6709
6710
6711
6712
6713
6722
6723
6724
6725
6726
6757
6758
6759
6760
6761
6763
6764
6765
6766
6767
6768
6770
6771
6772
6773
6825
6826
6827
6828
6829
6830
6870
6871
6872
6873
6874
6875
6876
6877
6878
6879
6892
6895
6896
6897
6898
6899
6900
6907
6908
6909
6910
6911
6912
6913
6914
6915
6927
6928
6929
6993
7015
7016
7017
7018
7019
7020
7021
7022
7023
7024
7025
7026
7041
7042
7043
7044
7045
7111
7123
7124
7125
7126
7127
7128
7139
7140
7141
7142
7143
7159
7160
7161
7162
7163
7169
7170
7171
7172
7173
7174
7206
7208
7257
7258
7259
7260
7261
7262
7274
7275
7276
7277
7278
7279
7298
7300
7303
7315
7316
7317
7318
7319
7320
7351
7352
7353
7354
7355
7356
7372
7373
7374
7375
7376
7377
7378
7379
7380
7381
7414
7415
7416
7417
7423
7424
7425
7426
7427
7439
7440
7441
7442
7443
7444
7445
7446
7447
7448
7449
7505
7506
7507
7557
7601
7602
7603
7635
7636
7637
7653
7673
7674
7675
7676
7777
7778
7779
7780
7781
7828
7829
7830
7831
7832
7833
7840
7841
7842
7843
7844
7845
7846
7858
7859
7860
7862
7910
7911
7912
7913
7914
7979
7999
8000
8001
8002
8037
8038
8039
8040
8041
8042
8047
8048
8050
8051
8052
8053
8054
8061
8073
8074
8075
8076
8101
8103
8104
8115
8116
8117
8118
8202
8238
8239
8288
8319
8320
8321
8322
8323
8324
8325
8337
8338
8339
8340
8341
8342
8384
8385
8386
8387
8388
8389
8425
8426
8427
8434
8435
8436
8437
8438
8439
8494
8507
8508
8509
8512
8513
8514
8515
8516
8517
8542
8543
8546
8547
8548
8550
8579
8580
8582
8583
8584
8585
8603
8604
8605
8606
8612
8613
8614
8615
8624
8625
8626
8627
8628
8629
8654
8655
8656
8657
8660
8662
8664
8691
8692
8697
8698
8699
8700
8704
8705
8706
8708
8716
8717
8718
8719
8744
8745
8787
8788
8789
8790
8795
8801
8802
8803
8813
8814
8815
8826
8827
8828
8829
8830
8831
8834
8835
8836
8837
8838
8839
8840
8841
8842
8843
8844
8845
8846
8847
8866
8867
8868
8869
8870
8871
8886
8887
8888
8889
8919
8920
8921
8922
8923
8924
8936
8937
8958
8961
8962
8963
8964
8965
8966
8967
8968
8969
8979
8980
8981
8982
8983
8984
8985
8986
8997
8998
9003
9010
9011
9012
9025
9026
9027
9028
9029
9030
9037
9046
9047
9048
9049
9050
9056
9059
9060
9082
9083
9084
9085
9086
9103
9104
9105
9121
9122
9123
9139
9153
9155
9166
9170
9176
9195
9224
9225
9226
9249
9250
9252
9253
9313
9314
9315
9330
9331
9332
9333
9338
9339
9342
9355
9356
9357
9358
9359
9379
9380
9405
9406
9407
9419
9447
9448
9463
9464
9476
9477
9478
9481
9489
9490
9491
9497
9530
9531
9533
9534
9535
9536
9538
9541
9553
9554
9555
9556
9569
9601
9611
9641
9642
9643
9647
9648
9649
9650
9658
9659
9674
9701
9702
9703
9712
9714
9715
9716
9723
9724
9725
9746
9750
9754
9768
9769
9770
9784
9788
9789
9798
9804
9813
9814
9815
9819
9822
9823
9824
9843
9863
9864
9865
9869
9888
9889
9896
9897
9898
9901
9910
9911
9915
9916
9919
9973
9974
9979
9995
10025
10035
10036
10037
10066
10079
10083
10084
10085
10102
10112
10125
10135
10136
10137
10141
10144
10145
10155
10156
10158
10165
10166
10167
10211
10240
10249
10256
10257
10259
10260
10265
10271
10272
10275
10276
10277
10287
10288
10289
10290
10309
10310
10311
10354
10355
10356
10380
10381
10390
10391
10393
10394
10395
10400
10401
10402
10413
10414
10415
10416
10422
10443
10465
10471
10476
10477
10483
10484
10485
10498
10505
10522
10523
10524
10526
10533
10538
10543
10560
10570
10585
10588
10589
10591
10606
10607
10616
10617
10618
10621
10640
10653
10666
10678
10706
10717
10730
10740
10741
10743
10744
10753
10755
10757
10774
10776
10783
10785
10787
10788
10789
10790
10793
10794
10795
10804
10807
10817
10818
10821
10822
10824
10832
10833
10834
10836
10853
10872
10873
10879
10884
10887
10889
10890
10898
10903
10909
10916
10917
10919
10924
