1561
37
38
39
40
41
42
43
44
45
49
50
51
52
53
54
55
75
76
79
80
81
82
83
84
85
86
87
88
89
90
91
105
106
107
108
109
110
178
213
214
215
216
217
218
219
280
281
282
283
284
285
286
287
289
290
291
292
441
442
443
444
445
446
454
455
456
457
458
459
466
467
468
469
470
471
480
481
482
497
499
503
504
505
506
516
517
518
519
520
521
522
556
557
558
559
560
561
562
563
564
565
566
567
568
582
583
584
585
586
654
655
656
657
658
659
698
701
703
705
706
779
780
781
782
783
784
797
799
842
843
844
846
859
860
861
862
863
864
865
885
886
887
888
889
890
922
923
924
925
926
927
928
929
930
931
932
933
934
935
936
1003
1004
1005
1006
1008
1009
1010
1011
1012
1013
1014
1029
1030
1031
1055
1056
1059
1114
1115
1116
1117
1118
1119
1120
1137
1138
1178
1179
1228
1229
1233
1234
1235
1236
1237
1238
1239
1240
1248
1249
1250
1251
1252
1253
1254
1301
1302
1371
1372
1373
1374
1375
1376
1403
1404
1405
1406
1407
1446
1447
1448
1449
1450
1451
1458
1459
1460
1461
1462
1463
1472
1473
1474
1475
1476
1477
1491
1492
1493
1494
1495
1496
1515
1516
1517
1518
1519
1520
1521
1522
1523
1524
1525
1526
1528
1530
1531
1532
1575
1576
1577
1578
1579
1580
1593
1594
1595
1596
1598
1616
1617
1618
1619
1620
1621
1664
1665
1666
1667
1668
1669
1676
1678
1679
1706
1707
1710
1717
1718
1719
1720
1721
1722
1747
1748
1749
1750
1751
1815
1816
1817
1818
1879
1880
1881
1882
1883
1919
1920
1921
1922
1945
1946
1971
1972
1973
1974
1975
1999
2000
2001
2002
2003
2004
2005
2006
2028
2029
2030
2031
2032
2033
2034
2053
2056
2057
2090
2091
2092
2093
2094
2095
2113
2114
2115
2116
2117
2133
2134
2135
2147
2182
2183
2184
2185
2206
2211
2212
2213
2214
2215
2281
2282
2283
2284
2285
2286
2293
2294
2295
2296
2297
2298
2299
2300
2301
2302
2303
2304
2347
2348
2349
2350
2351
2352
2353
2354
2355
2356
2357
2358
2359
2360
2370
2385
2386
2387
2388
2389
2390
2393
2394
2397
2398
2401
2402
2415
2417
2419
2426
2427
2428
2429
2431
2476
2526
2527
2528
2529
2530
2531
2532
2632
2633
2634
2635
2636
2637
2638
2639
2640
2641
2642
2643
2644
2645
2646
2666
2667
2668
2669
2670
2671
2717
2718
2719
2720
2721
2722
2772
2776
2777
2812
2813
2814
2815
2816
2817
2818
2825
2826
2827
2828
2829
2830
2831
2864
2865
2866
2867
2868
2869
2870
2900
2901
2902
2903
2904
2905
2906
2907
2908
2909
2910
2911
2912
2913
2940
2941
2942
2943
2944
2945
2946
2947
2956
2957
2959
2960
2961
2962
2963
2964
2965
2966
2967
3037
3038
3039
3040
3041
3062
3063
3064
3068
3072
3126
3127
3128
3129
3130
3131
3132
3133
3134
3136
3137
3138
3160
3161
3162
3163
3164
3165
3166
3180
3182
3183
3184
3185
3186
3193
3194
3201
3202
3203
3204
3205
3206
3207
3215
3216
3217
3218
3219
3220
3256
3257
3258
3259
3260
3261
3262
3319
3320
3321
3322
3333
3334
3363
3364
3365
3366
3367
3368
3382
3383
3384
3385
3386
3387
3388
3400
3401
3402
3403
3404
3405
3432
3434
3437
3498
3499
3501
3502
3503
3534
3535
3536
3537
3538
3539
3540
3543
3544
3545
3548
3554
3555
3556
3557
3558
3559
3690
3691
3713
3714
3715
3716
3717
3718
3719
3761
3762
3763
3764
3765
3766
3787
3791
3792
3806
3807
3808
3809
3810
3811
3812
3813
3826
3827
3828
3829
3830
3831
3850
3851
3852
3853
3854
3855
3875
3876
3877
3880
3888
3889
3890
3891
3892
3893
3911
3912
3934
3935
3936
3937
3938
3939
3966
3967
3968
3969
3970
3971
3972
3973
4005
4007
4008
4009
4010
4014
4015
4016
4017
4018
4019
4047
4048
4049
4050
4051
4052
4066
4068
4078
4079
4080
4081
4114
4115
4116
4119
4126
4127
4128
4129
4130
4137
4138
4139
4140
4141
4142
4167
4168
4169
4170
4171
4172
4173
4174
4175
4176
4177
4178
4179
4250
4251
4252
4253
4254
4255
4256
4305
4306
4307
4308
4309
4310
4333
4334
4343
4344
4345
4346
4347
4394
4458
4460
4461
4462
4483
4484
4485
4486
4543
4544
4545
4559
4560
4561
4562
4563
4564
4580
4581
4582
4614
4615
4616
4617
4618
4619
4620
4666
4667
4668
4669
4670
4671
4686
4694
4695
4696
4697
4698
4699
4749
4750
4751
4752
4753
4754
4762
4763
4764
4765
4766
4767
4780
4781
4812
4813
4814
4876
4877
4953
4955
4993
4994
4995
4996
4997
4998
4999
5000
5002
5003
5010
5011
5012
5013
5014
5015
5057
5058
5059
5060
5061
5062
5079
5080
5083
5110
5111
5112
5113
5114
5115
5116
5117
5118
5119
5120
5121
5122
5123
5124
5125
5177
5178
5179
5180
5181
5194
5195
5196
5198
5199
5200
5201
5202
5203
5204
5211
5212
5213
5215
5216
5237
5238
5240
5247
5248
5249
5250
5251
5259
5260
5262
5275
5276
5277
5278
5279
5280
5281
5288
5289
5290
5291
5292
5293
5318
5319
5320
5321
5322
5323
5336
5337
5338
5339
5340
5341
5342
5366
5367
5369
5371
5408
5409
5410
5411
5412
5419
5422
5424
5425
5426
5427
5428
5429
5454
5455
5456
5457
5458
5471
5472
5473
5474
5475
5476
5477
5478
5479
5480
5481
5482
5488
5489
5490
5491
5492
5493
5520
5521
5522
5523
5524
5525
5533
5534
5535
5536
5537
5538
5551
5552
5553
5554
5555
5556
5557
5566
5601
5602
5603
5604
5605
5618
5619
5620
5621
5622
5623
5666
5667
5668
5670
5671
5672
5699
5700
5703
5704
5705
5706
5707
5708
5761
5762
5764
5782
5783
5784
5785
5786
5787
5788
5869
5870
5871
5872
5873
5884
5885
5886
5887
5888
5897
5899
5900
5952
5953
5954
5955
5956
5957
6026
6027
6028
6029
6052
6053
6054
6055
6056
6057
6066
6067
6068
6069
6070
6071
6072
6073
6074
6075
6076
6077
6078
6079
6080
6146
6147
6149
6150
6151
6188
6189
6190
6196
6197
6198
6199
6200
6318
6320
6321
6322
6323
6324
6325
6326
6327
6362
6364
6365
6366
6369
6394
6395
6396
6409
6410
6411
6412
6413
6419
6420
6430
6431
6432
6440
6441
6442
6443
6444
6445
6446
6447
6483
6484
6485
6486
6487
6488
6496
6525
6526
6527
6528
6529
6530
6597
6626
6627
6628
6629
6630
6631
6657
6658
6660
6661
6683
6684
6685
6687
6688
6722
6725
6726
6727
6728
6729
6736
6737
6753
6755
6795
6796
6797
6798
6799
6800
6845
6846
6847
6860
6861
6862
6863
6864
6877
6899
6909
6910
6911
6912
6923
6934
6935
6943
6973
6974
6975
6976
7010
7057
7082
7083
7084
7085
7086
7120
7121
7122
7125
7152
7153
7154
7167
7168
7169
7174
7175
7176
7177
7178
7179
7187
7188
7189
7190
7191
7192
7224
7225
7226
7227
7228
7240
7241
7242
7243
7244
7285
7286
7287
7288
7313
7314
7315
7316
7317
7318
7323
7324
7333
7334
7335
7336
7337
7338
7353
7393
7394
7395
7396
7397
7409
7410
7411
7412
7433
7434
7435
7436
7467
7468
7469
7470
7473
7474
7475
7476
7477
7481
7482
7483
7523
7524
7525
7526
7527
7535
7536
7537
7567
7568
7569
7570
7571
7572
7585
7586
7587
7591
7592
7593
7594
7605
7606
7607
7608
7617
7630
7631
7632
7633
7645
7665
7666
7667
7668
7675
7676
7677
7678
7679
7702
7724
7743
7768
7769
7770
7785
7789
7790
7818
7819
7820
7836
7837
7838
7839
7840
7846
7848
7912
7913
7914
7920
7921
7922
7923
7924
7925
7938
7952
7957
7964
7965
7966
7967
7968
7969
7982
7983
7984
7985
7986
7992
7993
7994
7995
7996
8006
8007
8008
8026
8030
8031
8054
8060
8061
8062
8065
8066
8067
8068
8069
8089
8090
8091
8092
8110
8111
8128
8153
8155
8156
8157
8158
8167
8168
8169
8170
8207
8208
8209
8210
8220
8223
8232
8254
8273
8280
8282
8283
8286
8287
8288
8290
8291
8302
8305
8313
8314
8319
8332
8341
8342
8367
8368
8371
8372
8373
8374
8375
8378
8379
8380
8407
8413
8414
8415
8418
8419
8420
8421
8422
8423
8435
8484
8486
8487
8500
8503
8504
8505
8506
8507
8508
8512
8513
8514
8515
8516
8527
8531
8541
8542
8544
8555
8556
8557
8563
8566
8582
8583
8584
8587
8588
8597
8599
8602
8606
8607
8610
8618
8630
8632
8633
8634
8635
8636
8637
8638
8639
8648
8649
8657
8658
8662
8699
8702
8719
8722
8757
8762
8781
8782
8783
8824
8825
8826
8827
8828
8830
8831
8833
8834
8837
8838
8839
8857
8858
8861
8878
8879
8880
8892
8893
8894
8896
8899
8900
8903
8904
8906
8907
8912
8913
8931
8935
8936
8937
8942
8943
8948
8949
8952
8953
8962
8976
8979
8985
8991
8992
9024
9032
9033
9040
9041
9042
9043
9044
9057
9061
9062
9063
9065
9081
9089
9090
9105
9107
9116
9120
9121
9122
9123
9124
9125
9139
9147
9150
9156
9158
9159
9160
9171
9208
9210
9211
9212
9217
9222
9223
9233
9237
9238
9244
9247
9248
