1583
0
1
2
3
4
5
6
13
14
15
16
17
18
19
109
110
111
112
113
114
142
143
193
194
195
196
197
198
212
213
214
215
219
220
221
222
223
224
225
226
227
228
229
230
251
252
253
254
255
256
257
258
260
261
262
283
284
286
287
288
289
290
291
292
293
294
466
467
468
481
482
485
493
494
496
498
505
506
507
508
509
510
544
545
546
547
548
549
550
557
558
559
560
561
591
628
629
630
631
632
683
684
685
686
687
714
715
718
745
749
751
795
796
797
798
799
800
801
802
803
804
805
806
813
814
815
816
817
818
819
820
821
822
823
824
864
865
866
867
868
869
870
871
882
883
927
928
929
930
931
932
933
934
935
936
937
938
939
962
963
964
965
966
967
979
998
999
1000
1001
1002
1003
1004
1034
1035
1036
1037
1038
1039
1070
1113
1114
1115
1116
1117
1118
1119
1120
1124
1125
1151
1152
1153
1154
1155
1156
1157
1158
1159
1160
1161
1162
1163
1169
1170
1175
1201
1202
1207
1245
1246
1247
1248
1249
1250
1251
1254
1255
1256
1257
1283
1284
1285
1286
1287
1288
1289
1339
1374
1375
1381
1382
1383
1386
1440
1441
1491
1492
1493
1494
1495
1496
1497
1498
1564
1578
1579
1580
1581
1582
1583
1632
1633
1634
1635
1636
1637
1638
1659
1660
1661
1662
1663
1664
1721
1722
1727
1734
1735
1736
1737
1738
1739
1740
1787
1788
1789
1790
1791
1792
1800
1801
1803
1822
1823
1824
1825
1826
1827
1828
1866
1868
1869
1881
1882
1883
1884
1885
1886
1892
1893
1894
1912
1913
1914
1915
1916
1917
1951
1960
1962
1963
1971
1972
1973
1974
1975
1976
2008
2009
2010
2011
2012
2013
2014
2015
2016
2017
2018
2019
2020
2055
2056
2057
2058
2163
2164
2165
2166
2167
2168
2169
2170
2171
2172
2173
2174
2195
2196
2199
2218
2219
2220
2221
2228
2229
2230
2231
2232
2233
2234
2263
2264
2265
2266
2267
2268
2296
2298
2299
2326
2327
2328
2329
2330
2342
2344
2352
2353
2354
2355
2356
2371
2372
2376
2388
2389
2390
2392
2393
2415
2416
2417
2426
2427
2429
2430
2431
2432
2437
2458
2459
2460
2461
2462
2463
2506
2508
2509
2510
2511
2512
2514
2516
2519
2523
2524
2525
2526
2527
2528
2534
2535
2536
2537
2538
2539
2554
2555
2556
2557
2574
2575
2576
2577
2578
2579
2602
2603
2604
2605
2606
2607
2608
2609
2610
2611
2612
2613
2614
2724
2725
2755
2757
2797
2798
2799
2800
2938
2941
2950
2951
2952
2953
2954
2955
3006
3007
3008
3009
3010
3011
3012
3019
3020
3021
3022
3023
3024
3025
3067
3068
3069
3070
3071
3072
3085
3086
3092
3148
3149
3150
3151
3152
3153
3154
3155
3156
3157
3158
3159
3160
3161
3162
3163
3164
3165
3166
3167
3169
3171
3172
3173
3210
3212
3213
3214
3215
3217
3218
3244
3245
3246
3247
3248
3249
3250
3251
3253
3255
3271
3273
3274
3298
3299
3300
3301
3302
3303
3304
3305
3306
3320
3321
3322
3323
3324
3325
3364
3365
3366
3367
3368
3369
3370
3371
3385
3386
3387
3388
3389
3392
3396
3398
3399
3400
3401
3402
3403
3404
3405
3406
3407
3408
3409
3410
3411
3412
3413
3414
3447
3448
3449
3450
3451
3452
3459
3460
3467
3468
3469
3470
3488
3489
3490
3491
3544
3545
3546
3547
3549
3550
3551
3552
3553
3554
3685
3686
3687
3688
3689
3690
3723
3724
3742
3743
3744
3745
3746
3747
3748
3749
3750
3751
3752
3753
3754
3755
3756
3757
3764
3765
3766
3767
3768
3769
3770
3771
3772
3773
3774
3775
3776
3777
3791
3795
3814
3817
3841
3842
3843
3844
3845
3846
3847
3906
3907
3908
3909
3910
3911
3912
4013
4014
4029
4030
4031
4032
4033
4034
4104
4138
4140
4169
4170
4171
4172
4173
4174
4175
4176
4177
4178
4179
4180
4181
4182
4183
4184
4185
4186
4188
4191
4192
4193
4194
4195
4196
4197
4198
4230
4231
4232
4233
4234
4235
4236
4288
4290
4352
4353
4354
4355
4356
4357
4373
4374
4375
4376
4377
4378
4392
4393
4394
4395
4396
4415
4418
4419
4420
4421
4423
4424
4427
4428
4429
4443
4444
4445
4446
4548
4549
4550
4551
4552
4553
4554
4561
4562
4563
4564
4565
4566
4567
4600
4601
4602
4603
4604
4605
4612
4613
4614
4615
4616
4617
4618
4619
4620
4621
4622
4623
4644
4645
4646
4647
4649
4650
4651
4659
4660
4661
4662
4663
4664
4707
4708
4709
4710
4711
4712
4713
4715
4716
4721
4723
4724
4725
4726
4752
4758
4759
4761
4762
4765
4778
4779
4780
4781
4782
4795
4796
4797
4798
4799
4800
4801
4802
4803
4804
4805
4806
4839
4840
4842
4845
4863
4864
4865
4866
4867
4873
4874
4875
4876
4893
4894
4895
4896
4897
4898
4899
4908
4911
4932
4933
4935
4936
4955
4956
4957
4958
4959
4968
4969
4970
4971
4972
4979
4980
4981
4982
4983
5014
5015
5016
5017
5018
5019
5069
5070
5071
5072
5073
5074
5075
5093
5115
5116
5117
5119
5163
5164
5165
5166
5207
5208
5209
5210
5219
5220
5221
5222
5223
5224
5237
5238
5239
5240
5241
5242
5301
5388
5389
5390
5391
5392
5393
5410
5411
5412
5413
5414
5426
5427
5428
5429
5463
5464
5465
5466
5467
5468
5498
5500
5501
5502
5505
5506
5508
5589
5590
5596
5597
5598
5599
5600
5601
5619
5621
5622
5630
5631
5632
5633
5634
5635
5636
5693
5694
5695
5696
5697
5698
5745
5746
5747
5748
5749
5750
5751
5770
5771
5775
5838
5839
5840
5841
5842
5843
5844
5845
5846
5847
5854
5855
5856
5857
5858
5859
5906
5907
5908
5909
5950
6039
6041
6043
6045
6046
6047
6048
6049
6050
6064
6065
6066
6067
6068
6069
6070
6071
6073
6105
6106
6107
6108
6109
6110
6111
6251
6253
6304
6305
6306
6307
6308
6321
6322
6323
6324
6325
6326
6349
6367
6368
6369
6370
6371
6372
6373
6380
6381
6383
6384
6385
6408
6409
6411
6438
6439
6440
6441
6442
6456
6457
6458
6459
6460
6472
6473
6474
6475
6476
6477
6478
6544
6545
6547
6548
6598
6599
6600
6601
6609
6688
6732
6733
6734
6735
6736
6745
6746
6747
6748
6749
6750
6756
6757
6758
6759
6760
6796
6797
6798
6816
6817
6818
6819
6820
6821
6860
6866
6867
6868
6869
6870
6871
6884
6885
6886
6887
6912
6915
6956
6986
6987
6988
6989
6990
6991
6992
6993
7032
7033
7034
7035
7036
7061
7062
7063
7064
7075
7076
7077
7078
7079
7101
7102
7103
7104
7105
7106
7145
7146
7147
7148
7149
7227
7275
7276
7277
7279
7280
7322
7324
7327
7328
7330
7337
7338
7339
7340
7459
7460
7461
7462
7463
7475
7476
7494
7552
7553
7554
7555
7576
7577
7578
7579
7580
7581
7583
7584
7585
7586
7587
7588
7589
7609
7610
7611
7628
7629
7630
7643
7644
7645
7646
7647
7648
7664
7665
7698
7699
7700
7701
7702
7703
7704
7705
7718
7719
7720
7721
7722
7724
7726
7727
7737
7738
7739
7740
7741
7742
7743
7749
7750
7768
7769
7770
7810
7879
7881
7891
7893
7894
7895
7916
7917
7933
7934
7935
7936
7959
7967
7969
8004
8006
8039
8075
8099
8100
8101
8102
8123
8124
8132
8137
8138
8139
8166
8167
8168
8169
8178
8179
8180
8190
8191
8192
8193
8204
8207
8215
8216
8217
8237
8238
8256
8260
8262
8264
8284
8300
8301
8302
8303
8309
8326
8327
8328
8332
8333
8334
8335
8345
8347
8357
8358
8359
8360
8370
8372
8373
8378
8379
8380
8388
8393
8394
8395
8396
8399
8400
8405
8406
8430
8431
8432
8476
8477
8478
8479
8480
8494
8495
8496
8497
8498
8499
8500
8516
8517
8518
8519
8520
8534
8536
8541
8548
8549
8558
8559
8560
8580
8581
8582
8612
8617
8618
8619
8620
8621
8630
8667
8689
8696
8697
8698
8699
8700
8712
8722
8723
8724
8725
8734
8749
8754
8756
8792
8793
8794
8804
8819
8820
8821
8822
8823
8827
8828
8829
8830
8831
8852
8853
8857
8861
8894
8895
8896
8900
8905
8924
8925
8937
8938
8950
8962
8963
8964
8965
8966
8967
8968
8988
9008
9009
9010
9023
9024
9037
9038
9044
9048
9058
9062
9063
9064
9098
9100
9110
9111
9112
9114
9115
9116
9119
9120
9121
9168
9177
9178
9179
9180
9181
9184
9194
9199
9204
9205
9212
9231
9245
9264
9265
9270
9271
9272
9273
9276
9281
9282
9295
9296
9310
9336
9358
9359
9381
9382
9387
9388
9394
9395
9396
9397
9406
9414
9424
9425
9438
9439
9442
9462
9463
9464
9470
9483
9487
9490
9493
9508
9512
9514
9516
9519
9520
9530
9544
9555
9556
9567
9573
9588
9593
9598
9600
9601
9603
9604
9607
9608
9609
9621
9622
9623
9624
9671
9707
9708
9716
9717
9718
9719
9729
9758
9759
9776
9788
9794
9798
9799
9803
9805
9808
9815
9816
9820
9827
9841
9842
9843
9848
9870
9874
9886
9887
9888
9891
9892
9896
9897
9900
9914
9915
9921
9938
9949
9965
9969
9990
10002
10004
10005
10006
10007
10015
10016
10022
10023
10024
10025
10031
10034
10038
10039
10040
10048
10052
10053
10059
10060
10062
10072
10073
10090
10091
10092
10095
10096
10101
10122
10128
10131
10132
10145
10146
10156
10157
10158
10169
10184
10185
