4232
20
21
22
23
24
25
26
27
28
29
30
31
32
119
120
124
126
128
129
130
156
157
158
159
160
161
162
163
164
165
166
167
168
207
208
209
210
211
212
213
214
215
216
217
218
219
220
221
222
223
224
225
226
227
228
229
242
243
244
245
246
247
259
261
262
263
264
265
266
267
268
269
270
271
272
273
311
312
313
314
315
316
317
318
319
320
321
322
323
331
332
333
334
335
336
337
338
339
340
341
342
367
368
369
370
371
372
373
374
375
376
377
378
379
380
381
382
383
384
397
398
399
400
401
402
403
404
405
406
407
408
409
415
416
417
418
419
420
421
422
423
424
425
426
427
428
429
435
436
437
438
439
440
444
445
446
447
448
449
450
451
452
453
454
455
456
464
465
466
467
468
477
478
479
480
481
482
483
484
485
486
487
488
489
490
491
492
493
494
495
496
497
498
499
500
515
516
517
518
519
520
521
522
523
524
525
526
532
533
534
535
536
537
538
539
540
541
542
543
586
587
588
589
590
591
592
593
594
595
596
597
598
599
600
601
602
603
604
605
619
620
621
622
623
624
625
626
627
628
629
643
644
645
646
647
648
660
661
662
663
664
665
681
695
696
697
698
699
700
701
702
703
704
705
706
720
721
722
723
724
725
726
733
734
735
736
737
738
739
740
741
742
743
744
745
746
747
748
749
750
751
752
753
754
755
763
764
765
766
767
768
769
770
771
772
773
774
775
780
782
783
784
785
786
803
804
805
806
807
808
809
817
818
819
820
821
822
823
824
825
826
827
828
829
830
831
832
833
834
835
836
837
838
839
840
841
842
843
844
845
846
847
848
849
850
851
857
858
859
860
861
862
863
864
865
866
867
868
869
876
877
878
879
880
881
882
883
911
912
913
914
917
918
919
920
921
922
923
924
925
926
927
928
937
938
939
940
941
942
943
944
945
946
947
948
949
950
951
952
965
966
967
968
969
970
1022
1023
1024
1025
1026
1027
1033
1034
1035
1036
1037
1038
1039
1040
1041
1042
1043
1044
1045
1046
1047
1048
1049
1050
1051
1052
1053
1054
1055
1056
1057
1058
1059
1060
1061
1095
1096
1097
1098
1099
1100
1101
1102
1103
1104
1105
1106
1107
1108
1109
1110
1111
1112
1113
1114
1115
1132
1133
1134
1135
1136
1137
1138
1139
1140
1141
1142
1143
1146
1150
1151
1152
1153
1154
1155
1163
1164
1165
1166
1167
1168
1169
1188
1189
1190
1191
1192
1193
1194
1214
1215
1216
1217
1218
1219
1220
1221
1222
1223
1224
1225
1226
1227
1228
1229
1230
1231
1232
1233
1234
1235
1236
1237
1238
1239
1240
1241
1242
1243
1244
1245
1246
1253
1254
1255
1256
1257
1258
1265
1266
1267
1268
1269
1270
1271
1302
1303
1304
1305
1306
1307
1308
1309
1310
1311
1312
1313
1321
1322
1323
1324
1325
1326
1353
1354
1355
1356
1357
1358
1369
1370
1371
1375
1376
1377
1378
1379
1380
1381
1395
1396
1397
1398
1399
1400
1401
1402
1403
1404
1405
1427
1428
1436
1437
1438
1439
1440
1441
1464
1465
1466
1467
1468
1469
1476
1477
1478
1479
1480
1481
1482
1483
1484
1485
1486
1487
1506
1507
1508
1509
1510
1511
1512
1521
1522
1523
1524
1525
1526
1558
1559
1560
1561
1562
1563
1564
1565
1566
1567
1568
1569
1570
1571
1572
1573
1574
1575
1576
1577
1578
1579
1580
1581
1582
1583
1584
1585
1586
1596
1597
1598
1599
1600
1608
1609
1610
1611
1612
1619
1620
1621
1622
1623
1624
1631
1632
1633
1634
1635
1636
1643
1644
1645
1646
1647
1648
1649
1650
1651
1652
1653
1654
1655
1675
1676
1677
1678
1679
1680
1693
1694
1695
1696
1697
1698
1700
1701
1717
1718
1719
1720
1721
1728
1729
1730
1731
1732
1733
1734
1735
1736
1737
1738
1739
1740
1747
1748
1749
1750
1751
1783
1784
1785
1786
1787
1788
1801
1802
1803
1804
1805
1806
1807
1814
1815
1816
1817
1818
1819
1820
1821
1822
1823
1824
1825
1855
1858
1882
1883
1884
1885
1886
1887
1888
1889
1902
1903
1904
1905
1906
1907
1908
1909
1910
1911
1912
1913
1926
1927
1931
1932
1933
1934
1935
1946
1947
1948
1949
1950
1957
1958
1959
1960
1961
1962
1966
1967
1968
1969
1970
1976
1977
1978
1979
1980
1981
1982
1983
1984
1985
1986
1987
1995
1996
1997
1998
1999
2000
2001
2002
2003
2004
2005
2006
2029
2030
2031
2032
2033
2034
2035
2036
2037
2038
2039
2040
2041
2042
2043
2044
2045
2046
2053
2054
2055
2056
2057
2058
2065
2066
2067
2068
2069
2070
2071
2072
2073
2074
2075
2076
2077
2078
2079
2080
2081
2082
2102
2103
2104
2105
2106
2107
2108
2109
2110
2111
2112
2113
2114
2115
2116
2117
2118
2119
2120
2121
2122
2123
2124
2125
2126
2127
2128
2129
2130
2131
2132
2133
2134
2135
2143
2144
2145
2146
2147
2148
2149
2150
2162
2163
2166
2172
2173
2174
2175
2176
2177
2188
2189
2190
2191
2192
2193
2195
2205
2207
2208
2209
2210
2211
2212
2213
2214
2215
2216
2217
2218
2219
2226
2227
2228
2229
2230
2231
2232
2238
2239
2240
2241
2242
2243
2256
2257
2258
2259
2260
2261
2268
2269
2270
2271
2272
2302
2303
2304
2305
2306
2307
2320
2321
2322
2323
2324
2325
2331
2332
2333
2334
2335
2336
2337
2374
2375
2376
2377
2378
2379
2380
2381
2382
2383
2384
2385
2386
2387
2388
2389
2421
2422
2423
2424
2425
2451
2452
2453
2454
2455
2461
2462
2463
2464
2465
2466
2467
2468
2469
2470
2478
2479
2480
2481
2482
2483
2484
2485
2486
2487
2488
2489
2490
2491
2498
2499
2500
2501
2502
2503
2504
2505
2506
2507
2508
2519
2520
2521
2522
2523
2524
2527
2538
2539
2540
2542
2543
2544
2545
2546
2547
2548
2549
2550
2551
2552
2553
2554
2555
2556
2557
2558
2559
2560
2578
2579
2587
2588
2589
2590
2591
2592
2599
2600
2601
2602
2603
2604
2616
2617
2618
2619
2620
2621
2622
2623
2624
2625
2626
2627
2628
2629
2630
2631
2632
2634
2635
2636
2637
2638
2639
2640
2641
2642
2643
2644
2645
2669
2670
2671
2672
2673
2674
2675
2676
2677
2678
2679
2680
2691
2692
2693
2694
2695
2696
2697
2722
2723
2724
2725
2726
2738
2739
2740
2741
2742
2743
2744
2745
2753
2754
2755
2756
2757
2758
2759
2760
2761
2762
2763
2764
2765
2766
2767
2768
2769
2770
2771
2772
2773
2774
2775
2776
2777
2778
2779
2780
2781
2818
2819
2820
2821
2822
2823
2824
2825
2826
2827
2828
2829
2830
2849
2850
2851
2852
2853
2854
2888
2889
2890
2891
2892
2893
2894
2905
2906
2907
2908
2909
2910
2911
2918
2919
2920
2921
2922
2923
2924
2925
2926
2927
2928
2929
2936
2937
2938
2939
2940
2941
2942
2943
2957
2958
2959
2960
2961
2962
2963
2982
2983
2984
2985
2986
2987
2988
2989
2990
2991
2992
3013
3014
3015
3016
3017
3018
3024
3025
3026
3027
3028
3029
3032
3033
3035
3062
3063
3064
3065
3066
3079
3080
3081
3082
3083
3084
3085
3090
3092
3106
3107
3108
3109
3110
3111
3112
3113
3114
3115
3116
3117
3118
3119
3131
3132
3133
3134
3135
3136
3145
3146
3147
3148
3149
3150
3157
3158
3159
3160
3161
3162
3163
3201
3202
3203
3204
3205
3206
3207
3208
3209
3210
3211
3212
3219
3220
3221
3222
3223
3224
3231
3232
3233
3234
3244
3245
3246
3247
3248
3257
3258
3259
3260
3261
3262
3263
3264
3265
3266
3267
3279
3280
3281
3282
3283
3289
3290
3291
3292
3293
3294
3295
3304
3305
3306
3307
3308
3309
3388
3389
3390
3391
3392
3393
3394
3395
3396
3397
3398
3399
3400
3401
3402
3403
3404
3405
3406
3436
3437
3438
3439
3440
3441
3463
3464
3465
3466
3467
3468
3473
3474
3475
3476
3477
3478
3479
3487
3489
3497
3498
3499
3500
3501
3502
3508
3509
3510
3511
3512
3513
3514
3515
3516
3517
3518
3519
3523
3524
3525
3526
3527
3528
3529
3530
3531
3532
3533
3534
3535
3536
3537
3538
3539
3540
3541
3542
3543
3544
3545
3546
3547
3548
3549
3584
3585
3586
3587
3588
3589
3590
3591
3592
3593
3594
3595
3596
3600
3601
3602
3603
3604
3605
3606
3607
3609
3610
3612
3613
3618
3619
3620
3621
3622
3623
3664
3665
3666
3671
3672
3673
3674
3675
3676
3684
3685
3686
3687
3688
3689
3690
3691
3692
3693
3694
3695
3696
3720
3721
3722
3723
3724
3725
3726
3746
3747
3748
3749
3750
3751
3775
3776
3777
3778
3779
3780
3781
3782
3783
3784
3785
3786
3787
3788
3802
3803
3804
3805
3806
3807
3808
3815
3816
3817
3831
3832
3833
3834
3835
3836
3845
3846
3849
3850
3852
3853
3854
3855
3856
3857
3858
3859
3860
3861
3862
3863
3864
3865
3866
3867
3868
3876
3877
3878
3879
3880
3881
3882
3890
3891
3892
3893
3894
3895
3896
3897
3898
3899
3900
3901
3902
3911
3912
3940
3941
3942
3943
3944
3945
3946
3979
3980
3981
3982
3983
3984
3985
3986
3987
3988
3989
3990
3991
3996
3997
3998
3999
4000
4001
4002
4003
4004
4005
4006
4007
4008
4009
4010
4011
4012
4013
4014
4015
4018
4019
4021
4022
4051
4052
4053
4054
4055
4056
4063
4064
4065
4066
4067
4068
4069
4084
4085
4086
4087
4088
4089
4090
4091
4092
4093
4094
4095
4096
4097
4098
4099
4100
4101
4102
4103
4104
4118
4119
4120
4121
4122
4123
4124
4125
4126
4127
4128
4129
4131
4134
4136
4137
4138
4139
4140
4141
4142
4143
4144
4145
4146
4147
4148
4149
4150
4151
4152
4153
4154
4155
4162
4163
4164
4165
4166
4167
4188
4189
4190
4191
4192
4193
4194
4195
4196
4197
4198
4199
4200
4201
4202
4203
4204
4205
4206
4207
4208
4209
4212
4214
4215
4216
4217
4218
4219
4220
4229
4230
4231
4232
4233
4234
4247
4248
4249
4250
4251
4252
4253
4254
4255
4256
4257
4258
4259
4260
4293
4294
4295
4296
4297
4298
4299
4300
4301
4302
4303
4304
4305
4370
4371
4372
4373
4374
4375
4376
4377
4378
4379
4380
4381
4382
4394
4395
4396
4397
4398
4399
4406
4407
4408
4409
4410
4411
4412
4419
4420
4421
4422
4441
4442
4445
4454
4455
4458
4459
4467
4468
4469
4470
4471
4472
4473
4474
4475
4476
4477
4478
4479
4486
4487
4488
4489
4490
4491
4492
4493
4494
4495
4496
4497
4505
4506
4507
4508
4509
4510
4539
4540
4541
4542
4543
4544
4545
4546
4547
4548
4549
4550
4551
4558
4559
4560
4561
4562
4563
4564
4565
4566
4567
4568
4569
4588
4589
4590
4591
4592
4593
4594
4605
4607
4608
4616
4617
4618
4619
4620
4621
4622
4624
4625
4626
4628
4636
4637
4638
4639
4640
4641
4642
4643
4644
4645
4646
4647
4655
4664
4665
4666
4667
4668
4669
4670
4671
4672
4673
4674
4675
4676
4677
4678
4679
4680
4681
4682
4683
4684
4685
4686
4687
4688
4696
4697
4698
4699
4700
4701
4702
4731
4732
4733
4734
4735
4736
4737
4738
4739
4740
4741
4742
4743
4757
4758
4759
4760
4761
4762
4763
4814
4815
4816
4817
4818
4819
4820
4821
4822
4823
4824
4825
4826
4827
4828
4829
4830
4831
4832
4833
4840
4841
4842
4843
4844
4845
4846
4847
4848
4849
4850
4851
4852
4869
4871
4875
4912
4913
4914
4915
4916
4917
4918
4919
4920
4921
4922
4923
4924
4931
4932
4933
4934
4935
4936
4940
4941
4942
4943
4944
4945
4946
4947
4948
4949
4950
4951
4952
4953
4954
4955
4956
4957
4958
4959
4960
4961
4962
4963
4964
4965
4966
4967
4968
4969
4970
4971
4972
4973
4974
4975
4989
4991
4992
5021
5022
5023
5024
5025
5026
5052
5053
5054
5055
5056
5057
5093
5094
5095
5096
5097
5098
5099
5100
5101
5102
5103
5104
5176
5177
5178
5179
5180
5181
5185
5186
5187
5188
5189
5190
5191
5195
5196
5197
5198
5199
5212
5213
5240
5241
5242
5243
5244
5245
5246
5247
5248
5249
5250
5251
5258
5259
5260
5261
5262
5263
5297
5298
5299
5300
5301
5302
5303
5304
5305
5306
5307
5320
5321
5322
5323
5324
5325
5331
5332
5333
5334
5335
5336
5337
5338
5339
5340
5344
5345
5346
5347
5348
5349
5350
5351
5352
5353
5354
5355
5356
5357
5358
5359
5360
5361
5362
5363
5364
5382
5383
5384
5385
5386
5387
5388
5389
5390
5391
5392
5393
5394
5395
5396
5397
5398
5421
5422
5423
5424
5425
5426
5427
5428
5429
5430
5431
5432
5433
5434
5435
5436
5437
5438
5439
5440
5453
5454
5455
5456
5457
5458
5459
5460
5462
5475
5476
5477
5478
5479
5480
5481
5482
5483
5506
5507
5508
5509
5510
5511
5512
5513
5514
5515
5516
5517
5531
5532
5533
5534
5535
5536
5549
5550
5551
5552
5553
5554
5571
5572
5573
5574
5575
5582
5583
5584
5585
5586
5587
5615
5616
5617
5618
5619
5625
5626
5627
5628
5629
5630
5631
5632
5633
5634
5635
5636
5637
5638
5639
5640
5641
5642
5643
5656
5657
5658
5659
5660
5661
5688
5689
5690
5691
5692
5693
5694
5695
5696
5697
5698
5738
5739
5740
5741
5742
5743
5748
5750
5751
5752
5753
5754
5755
5756
5757
5758
5759
5760
5761
5762
5763
5764
5765
5766
5768
5769
5770
5771
5772
5785
5786
5787
5788
5789
5790
5791
5792
5793
5794
5801
5802
5803
5804
5805
5820
5821
5822
5823
5824
5825
5826
5827
5828
5829
5830
5831
5832
5833
5834
5835
5836
5837
5838
5839
5840
5841
5842
5849
5850
5851
5852
5853
5857
5858
5865
5866
5867
5868
5869
5870
5871
5904
5905
5906
5907
5908
5909
5927
5928
5929
5930
5931
5932
5943
5944
5945
5946
5947
5953
5954
5955
5956
5957
6005
6006
6007
6008
6009
6010
6011
6012
6013
6014
6015
6016
6017
6018
6019
6020
6053
6054
6055
6056
6057
6058
6088
6089
6090
6091
6092
6093
6103
6104
6105
6106
6107
6108
6109
6110
6111
6112
6113
6114
6115
6116
6117
6123
6124
6125
6126
6127
6128
6129
6130
6131
6132
6133
6134
6135
6136
6145
6146
6147
6149
6161
6162
6163
6164
6165
6166
6179
6180
6181
6182
6183
6184
6191
6192
6193
6194
6208
6209
6212
6213
6214
6215
6216
6217
6218
6219
6220
6221
6222
6223
6224
6225
6226
6227
6228
6229
6237
6238
6239
6240
6241
6242
6243
6244
6245
6246
6247
6248
6249
6250
6251
6252
6253
6266
6267
6268
6269
6270
6271
6276
6277
6278
6279
6280
6281
6282
6283
6284
6285
6286
6287
6288
6324
6325
6326
6327
6328
6329
6330
6331
6332
6333
6334
6335
6353
6356
6358
6359
6360
6361
6362
6363
6367
6370
6371
6372
6373
6374
6375
6376
6377
6378
6379
6380
6381
6382
6383
6384
6385
6386
6387
6388
6389
6390
6391
6392
6393
6394
6395
6396
6397
6398
6399
6400
6401
6402
6403
6404
6405
6407
6412
6413
6414
6415
6416
6417
6418
6419
6420
6421
6422
6423
6424
6425
6426
6431
6432
6433
6434
6435
6449
6450
6451
6452
6453
6465
6466
6467
6468
6469
6470
6509
6511
6512
6513
6520
6521
6522
6523
6524
6537
6538
6539
6540
6541
6542
6543
6544
6545
6546
6547
6548
6570
6571
6572
6573
6574
6575
6595
6596
6597
6598
6599
6600
6601
6602
6603
6604
6605
6606
6617
6618
6619
6620
6621
6656
6657
6658
6659
6660
6661
6662
6663
6664
6665
6666
6679
6680
6681
6682
6683
6684
6685
6689
6714
6715
6716
6717
6718
6733
6734
6735
6736
6737
6738
6739
6740
6741
6742
6743
6744
6745
6746
6747
6748
6749
6750
6776
6777
6779
6781
6782
6783
6784
6785
6786
6793
6794
6795
6796
6797
6798
6799
6800
6801
6802
6803
6804
6805
6806
6807
6808
6809
6810
6811
6812
6813
6814
6820
6821
6822
6823
6824
6831
6832
6833
6834
6835
6836
6837
6845
6846
6847
6848
6849
6856
6857
6858
6859
6860
6864
6865
6866
6867
6868
6869
6901
6902
6903
6904
6905
6906
6916
6917
6918
6919
6920
6933
6934
6935
6936
6937
6938
6939
6940
6941
6942
6943
6944
6946
6947
6965
6966
6967
6968
6969
6970
6971
6972
6973
6974
6975
6976
6977
6978
6979
6980
7002
7003
7008
7009
7010
7011
7012
7013
7014
7052
7053
7054
7055
7056
7057
7058
7059
7060
7061
7062
7069
7070
7071
7072
7073
7074
7075
7076
7077
7078
7079
7097
7098
7099
7100
7101
7102
7103
7104
7105
7106
7107
7108
7109
7110
7149
7150
7151
7152
7153
7154
7155
7156
7157
7158
7175
7176
7177
7178
7179
7180
7181
7182
7183
7184
7185
7186
7194
7195
7196
7197
7198
7199
7215
7216
7217
7218
7219
7220
7221
7222
7223
7224
7225
7233
7234
7235
7236
7237
7238
7239
7240
7241
7242
7243
7247
7248
7249
7250
7251
7252
7253
7254
7255
7256
7269
7270
7271
7272
7273
7281
7286
7293
7294
7295
7296
7297
7304
7305
7306
7307
7308
7309
7321
7322
7323
7324
7325
7344
7345
7346
7347
7348
7349
7350
7366
7367
7368
7369
7370
7371
7382
7383
7384
7385
7386
7387
7388
7389
7390
7391
7392
7393
7394
7395
7396
7400
7402
7409
7410
7411
7412
7413
7418
7419
7420
7421
7422
7428
7429
7430
7431
7432
7450
7451
7452
7453
7454
7455
7456
7457
7458
7459
7460
7465
7466
7467
7468
7469
7470
7471
7472
7473
7474
7475
7476
7477
7478
7479
7480
7481
7482
7483
7484
7485
7486
7487
7488
7489
7490
7512
7513
7514
7515
7516
7517
7518
7519
7520
7521
7522
7523
7524
7525
7526
7527
7528
7529
7530
7531
7532
7533
7534
7535
7536
7540
7542
7544
7547
7560
7561
7562
7563
7564
7570
7571
7572
7573
7574
7575
7581
7582
7583
7584
7605
7606
7607
7608
7609
7614
7615
7616
7617
7618
7619
7626
7627
7628
7629
7630
7631
7632
7633
7634
7643
7644
7645
7646
7647
7648
7649
7650
7651
7652
7657
7658
7659
7660
7661
7662
7663
7664
7665
7666
7667
7668
7669
7670
7671
7672
7677
7678
7679
7680
7681
7682
7683
7684
7685
7686
7692
7693
7694
7695
7696
7709
7710
7711
7712
7713
7714
7715
7716
7717
7718
7719
7725
7726
7727
7728
7729
7730
7731
7732
7733
7734
7735
7736
7746
7747
7748
7749
7750
7755
7756
7757
7758
7759
7788
7789
7790
7791
7792
7793
7794
7795
7796
7797
7798
7799
7800
7801
7802
7803
7804
7805
7806
7807
7847
7848
7849
7850
7851
7852
7865
7866
7867
7868
7869
7870
7871
7872
7873
7874
7875
7876
7877
7878
7879
7881
7883
7886
7887
7888
7889
7890
7893
7894
7907
7908
7909
7915
7916
7917
7918
7919
7920
7921
7922
7923
7929
7930
7942
7943
7944
7945
7946
7947
7948
7949
7950
7951
7958
7959
7960
7961
7967
7968
7969
7970
7971
7972
7973
7974
7975
7976
7977
7978
7991
7992
7997
7998
8013
8014
8015
8024
8025
8026
8032
8033
8034
8035
8036
8049
8069
8070
8071
8072
8077
8078
8079
8080
8081
8082
8083
8084
8085
8086
8087
8094
8095
8098
8099
8105
8106
8107
8108
8109
8110
8124
8125
8126
8127
8128
8140
8141
8142
8143
8144
8145
8146
8147
8148
8149
8155
8156
8157
8158
8159
8174
8175
8181
8182
8183
8184
8185
8205
8206
8207
8208
8209
8210
8211
8212
8213
8224
8225
8226
8227
8228
8229
8230
8231
8232
8233
8234
8235
8236
8237
8258
8262
8263
8264
8265
8266
8277
8278
8279
8280
8286
8287
8290
8306
8307
8308
8309
8310
8311
8316
8317
8318
8326
8327
8328
8329
8330
8331
8349
8350
8352
8353
8368
8369
8370
8371
8372
8373
8374
8375
8376
8377
8378
8379
8380
8381
8390
8391
8402
8403
8404
8405
8406
8407
8408
8413
8414
8415
8416
8417
8423
8424
8428
8429
8430
8431
8432
8433
8440
8441
8442
8443
8444
8445
8446
8447
8448
8449
8450
8451
8464
8465
8466
8467
8468
8469
8470
8471
8472
8473
8488
8489
8490
8491
8518
8519
8520
8521
8522
8523
8524
8525
8526
8527
8528
8529
8530
8531
8532
8533
8534
8535
8545
8564
8565
8566
8567
8568
8569
8570
8581
8616
8623
8634
8638
8639
8640
8641
8642
8643
8644
8645
8646
8647
8648
8649
8658
8659
8685
8686
8687
8688
8689
8690
8693
8694
8695
8696
8712
8713
8714
8715
8725
8726
8727
8728
8729
8730
8731
8732
8733
8734
8753
8755
8764
8765
8766
8767
8772
8773
8774
8775
8778
8779
8791
8792
8804
8805
8806
8808
8809
8810
8812
8820
8821
8822
8823
8824
8825
8848
8849
8850
8851
8852
8853
8854
8857
8877
8878
8879
8880
8883
8884
8885
8890
8891
8892
8893
8900
8901
8902
8903
8904
8905
8906
8907
8908
8909
8910
8911
8914
8915
8916
8917
8918
8938
8939
8940
8941
8942
8950
8951
8953
8954
8955
8956
8957
8973
8974
8975
8987
8988
8989
8990
8991
8992
8993
9004
9006
9007
9021
9022
9024
9035
9036
9057
9058
9064
9065
9066
9067
9077
9079
9080
9081
9088
9089
9090
9091
9092
9107
9108
9109
9110
9111
9112
9113
9114
9132
9133
9141
9142
9143
9144
9145
9146
9147
9148
9149
9150
9151
9152
9158
9159
9160
9161
9162
9163
9164
9165
9172
9177
9182
9183
9184
9186
9187
9188
9189
9196
9197
9198
9199
9200
9201
9202
9203
9204
9205
9211
9212
9215
9227
9228
9229
9230
9233
9234
9239
9240
9241
9242
9254
9255
9256
9257
9258
9259
9263
9267
9268
9269
9278
9279
9280
9282
9283
9285
9286
9287
9292
9293
9294
9295
9296
9297
9298
9299
9300
9301
9302
9303
9305
9306
9307
9308
9309
9310
9311
9318
9319
9320
9321
9322
9323
9324
9325
9329
9343
9344
9348
9353
9360
9361
9363
9364
9369
9370
9381
9382
9383
9391
9392
9394
9395
9396
9408
9409
9410
9411
9412
9413
9422
9423
9424
9425
9429
9430
9431
9432
9433
9438
9439
9440
9441
9442
9449
9451
9455
9456
9459
9460
9462
9473
9480
9492
9493
9494
9498
9499
9502
9503
9504
9505
9506
9507
9508
9509
9510
9511
9519
9520
9521
9526
9527
9528
9529
9532
9549
9550
9551
9552
9563
9564
9565
9566
9567
9568
9570
9571
9575
9576
9588
9589
9590
9591
9603
9604
9605
9619
9620
9638
9639
9640
9644
9645
9646
9651
9652
9653
9664
9666
9667
9668
9669
9670
9678
9691
9692
9693
9694
9695
9698
9699
9700
9704
9706
9707
9731
9732
9733
9744
9745
9747
9748
9759
9760
9761
9762
9771
9772
9773
9774
9775
9776
9783
9790
9791
9792
9793
9794
9806
9816
9817
9838
9839
9840
9841
9842
9851
9852
9853
9854
9855
9860
9861
9862
9870
9871
9872
9873
9874
9876
9877
9880
9881
9882
9883
9884
9891
9892
9902
9907
9908
9912
9913
9914
9922
9923
9926
9930
9931
9935
9936
9937
9942
9945
9946
9956
9957
9958
9959
9960
9961
9964
9965
9966
9969
9980
9981
9982
9983
9984
9985
9986
9987
9993
9996
9997
9998
10001
10002
10006
10007
10008
10009
10013
10014
10019
10026
10027
10028
10029
10030
10038
10039
10040
10041
10050
10051
10053
10054
10055
10056
10058
10069
10072
10074
10075
10076
10082
10088
10090
10091
10092
10096
10109
10110
10111
10113
10114
10115
10116
10117
10118
10119
10120
10130
10134
10139
10146
10148
10149
10150
10151
10152
10157
10159
10162
10171
10173
10174
10175
10176
10177
10179
10180
10181
10182
10183
10184
10185
10186
10188
10203
10204
10205
10207
10215
10216
10217
10220
10221
10222
10223
10224
10225
10226
10231
10232
10233
10239
10242
10243
10246
10253
10261
10262
10263
10270
10280
10281
10282
10283
10284
10285
10286
10292
10294
10295
10297
10306
10307
10317
10318
10323
10324
10325
10326
10329
10330
10331
10332
10333
10334
10335
10336
10337
10338
10341
10350
10351
10352
10353
10357
10358
10359
10361
10362
10366
10367
10368
10371
10374
10376
10382
10387
10389
10404
10405
10417
10418
10419
10430
10431
10434
10437
10438
10447
10448
10454
10455
10456
10461
10462
10463
10466
10467
10469
10470
10472
10473
10480
10490
10491
10492
10499
10500
10501
10508
10509
10511
10512
10517
10518
10520
10544
10547
10558
10567
10568
10586
10593
10602
10605
10608
10612
10629
10630
10631
10632
10633
10634
10635
10637
10639
10641
10647
10648
10654
10655
10657
10658
10659
10662
10663
10664
10665
10670
10671
10675
10676
10677
10679
10680
10681
10683
10684
10685
10697
10698
10699
10700
10701
10702
10707
10708
10709
10712
10715
10718
10719
10720
10726
10727
10735
10737
10738
10749
10754
10756
10760
10762
10763
10764
10770
10771
10772
10777
10779
10780
10797
10798
10799
10800
10801
10802
10803
10806
10808
10813
10814
10820
10823
10826
10827
10828
10829
10838
10839
10844
10848
10849
10850
10854
10858
10861
10862
10863
10864
10866
10869
10875
10876
10880
10881
10893
10896
10905
10907
10908
10911
10912
10913
