4940
0
1
2
3
4
5
6
13
14
15
16
17
18
19
20
21
22
23
24
61
62
63
64
65
66
92
93
94
95
96
97
98
111
112
113
114
115
116
117
118
119
120
121
122
123
124
125
126
127
128
135
136
137
138
139
140
147
148
149
150
151
152
153
154
155
156
157
158
159
166
167
168
169
170
171
172
173
174
175
176
177
185
186
187
188
189
190
191
192
193
194
195
196
197
198
199
200
201
208
209
210
211
212
220
221
222
223
224
225
226
227
228
229
230
231
232
233
234
235
236
237
238
239
240
241
248
249
250
251
252
253
254
255
256
257
258
259
260
261
262
263
264
265
266
267
268
269
270
271
272
273
274
275
276
277
278
279
293
294
295
296
297
298
299
300
301
302
303
304
305
306
307
308
309
310
311
312
313
314
315
316
317
318
319
320
321
322
323
324
325
326
327
328
329
330
331
332
333
334
335
336
337
338
339
340
341
342
343
344
345
346
347
348
349
350
351
352
353
354
355
356
357
358
359
360
361
362
363
364
365
366
367
368
369
370
371
372
373
398
399
400
401
402
403
404
405
406
407
408
409
410
411
412
413
414
415
416
417
418
419
420
421
422
423
424
425
426
427
428
435
436
437
438
439
440
447
448
449
450
451
452
453
460
461
462
463
464
465
472
473
474
475
476
477
491
492
493
495
533
534
535
536
537
538
539
540
541
542
543
550
551
552
553
554
555
576
577
578
579
580
581
588
589
590
591
592
593
594
595
596
597
598
599
600
601
602
603
604
605
606
607
608
609
610
611
612
613
616
617
618
619
620
621
622
623
624
625
626
627
628
629
630
631
632
633
634
635
641
643
644
645
647
648
649
650
651
652
653
660
661
662
663
664
665
667
668
669
670
671
672
673
674
675
676
677
678
679
680
681
682
683
684
685
686
687
688
689
690
691
694
697
714
715
716
717
719
720
721
722
723
724
725
733
734
735
736
737
738
741
742
743
744
746
747
748
749
750
751
752
753
754
755
756
757
758
759
760
761
762
763
764
765
766
767
768
769
770
771
772
773
774
775
776
777
778
806
807
810
812
813
814
815
816
817
824
825
826
827
828
829
830
831
832
833
834
835
836
837
838
839
840
841
848
849
850
851
852
866
867
868
869
870
871
872
873
874
875
876
877
878
879
880
881
882
883
884
893
894
895
897
898
910
911
912
913
914
915
916
917
918
919
920
921
937
938
939
940
941
942
950
951
952
953
954
955
956
957
958
959
960
961
962
963
964
965
966
967
968
969
970
971
972
973
974
975
976
977
978
979
980
981
982
983
984
985
986
987
988
989
990
991
992
993
994
995
996
997
998
999
1000
1021
1022
1023
1024
1025
1032
1033
1034
1035
1036
1037
1038
1039
1040
1041
1042
1049
1050
1051
1052
1053
1054
1074
1075
1076
1077
1078
1079
1080
1094
1095
1096
1097
1098
1099
1100
1107
1108
1109
1110
1111
1112
1113
1140
1141
1142
1143
1144
1145
1146
1147
1148
1149
1150
1151
1152
1153
1154
1155
1156
1157
1158
1159
1160
1161
1162
1163
1164
1165
1166
1167
1168
1169
1170
1171
1172
1173
1174
1175
1188
1189
1190
1191
1192
1193
1194
1195
1196
1197
1198
1199
1200
1212
1214
1215
1216
1217
1218
1219
1220
1221
1222
1223
1224
1225
1226
1227
1241
1242
1243
1244
1245
1246
1247
1255
1256
1257
1258
1259
1260
1261
1262
1263
1264
1265
1266
1267
1268
1269
1270
1271
1272
1273
1274
1275
1276
1277
1278
1279
1280
1281
1282
1283
1284
1285
1286
1287
1288
1289
1294
1295
1296
1297
1298
1299
1300
1307
1308
1309
1310
1311
1312
1313
1314
1315
1316
1317
1318
1319
1320
1321
1322
1323
1324
1325
1326
1327
1328
1329
1330
1331
1338
1339
1340
1342
1343
1344
1345
1346
1347
1348
1349
1350
1351
1352
1359
1360
1361
1362
1363
1364
1365
1366
1367
1368
1369
1370
1377
1378
1379
1380
1381
1382
1383
1384
1385
1386
1387
1388
1389
1390
1391
1392
1393
1394
1395
1396
1397
1398
1399
1400
1401
1415
1416
1417
1418
1419
1420
1421
1422
1423
1424
1425
1426
1433
1434
1435
1436
1437
1438
1439
1467
1468
1469
1470
1471
1478
1479
1480
1481
1482
1483
1484
1485
1486
1487
1488
1489
1490
1505
1533
1534
1535
1536
1537
1538
1557
1558
1559
1560
1561
1562
1567
1581
1582
1583
1584
1585
1586
1587
1588
1589
1590
1591
1592
1599
1600
1601
1602
1603
1604
1605
1606
1607
1608
1609
1610
1611
1612
1613
1614
1615
1622
1623
1624
1625
1626
1627
1628
1629
1630
1631
1632
1639
1640
1641
1642
1643
1644
1645
1646
1647
1648
1649
1650
1651
1681
1682
1683
1684
1685
1686
1687
1688
1689
1690
1691
1692
1693
1694
1695
1696
1697
1698
1699
1700
1701
1703
1711
1712
1713
1714
1715
1716
1729
1730
1731
1732
1733
1734
1735
1736
1737
1738
1739
1740
1759
1760
1761
1762
1763
1764
1765
1766
1767
1768
1769
1770
1771
1772
1773
1774
1775
1776
1777
1778
1779
1780
1781
1782
1783
1784
1785
1786
1787
1788
1789
1790
1791
1792
1793
1794
1795
1796
1797
1798
1799
1800
1807
1808
1809
1810
1811
1812
1820
1821
1822
1823
1824
1825
1826
1827
1828
1829
1830
1838
1839
1840
1841
1842
1849
1850
1851
1852
1853
1854
1855
1856
1857
1858
1859
1860
1861
1862
1863
1864
1865
1866
1867
1868
1869
1870
1871
1872
1873
1874
1875
1876
1877
1878
1889
1890
1891
1892
1893
1894
1895
1896
1897
1898
1899
1900
1901
1902
1903
1904
1905
1906
1907
1908
1909
1910
1911
1912
1913
1914
1915
1916
1917
1918
1954
1955
1956
1957
1958
1959
1966
1967
1970
1988
1989
1990
1992
2007
2008
2009
2010
2011
2012
2013
2014
2015
2016
2017
2023
2024
2025
2026
2027
2035
2036
2037
2038
2039
2040
2041
2042
2043
2044
2065
2066
2067
2068
2069
2070
2071
2072
2073
2074
2075
2076
2077
2078
2079
2080
2081
2082
2096
2097
2118
2119
2120
2121
2122
2123
2124
2125
2126
2127
2128
2129
2130
2136
2137
2138
2139
2140
2141
2142
2143
2144
2145
2146
2152
2153
2154
2155
2156
2157
2158
2159
2160
2161
2162
2163
2169
2170
2171
2173
2174
2175
2176
2178
2181
2186
2187
2188
2189
2190
2191
2192
2193
2194
2195
2196
2197
2198
2199
2200
2201
2202
2203
2204
2223
2224
2225
2226
2227
2228
2229
2230
2231
2232
2239
2240
2241
2242
2243
2244
2245
2246
2247
2248
2249
2250
2251
2252
2253
2254
2255
2256
2257
2258
2259
2268
2269
2270
2271
2272
2273
2274
2275
2276
2277
2278
2279
2280
2287
2288
2289
2290
2291
2292
2319
2320
2321
2322
2323
2324
2325
2326
2327
2331
2332
2333
2334
2335
2336
2338
2340
2341
2375
2376
2378
2379
2380
2381
2382
2383
2384
2403
2404
2405
2406
2407
2408
2409
2410
2411
2412
2413
2414
2439
2440
2441
2442
2443
2444
2445
2446
2447
2448
2449
2450
2451
2452
2458
2459
2460
2461
2462
2468
2469
2470
2471
2472
2473
2474
2475
2477
2479
2480
2481
2482
2483
2484
2485
2486
2494
2495
2496
2497
2498
2499
2500
2501
2502
2503
2504
2505
2506
2507
2508
2509
2510
2511
2512
2513
2514
2515
2516
2517
2518
2519
2520
2521
2522
2523
2524
2525
2533
2534
2535
2536
2537
2538
2539
2540
2541
2542
2543
2544
2545
2551
2552
2553
2554
2555
2556
2557
2558
2559
2560
2561
2562
2563
2564
2565
2566
2567
2568
2569
2570
2571
2572
2573
2574
2575
2576
2588
2589
2590
2591
2592
2593
2594
2595
2596
2597
2598
2599
2600
2601
2602
2603
2604
2605
2606
2607
2608
2609
2610
2611
2612
2613
2614
2615
2616
2617
2618
2619
2620
2621
2622
2623
2624
2625
2626
2627
2628
2629
2630
2631
2659
2660
2661
2662
2663
2664
2672
2673
2674
2675
2676
2677
2678
2686
2687
2688
2689
2690
2691
2692
2705
2706
2707
2708
2709
2710
2711
2723
2724
2725
2726
2727
2728
2729
2730
2731
2732
2733
2734
2735
2744
2745
2746
2747
2748
2749
2750
2751
2752
2753
2754
2755
2756
2759
2760
2764
2765
2766
2767
2768
2769
2770
2778
2779
2780
2781
2782
2783
2784
2792
2793
2794
2795
2796
2797
2798
2799
2800
2801
2802
2803
2804
2805
2806
2807
2808
2809
2810
2811
2819
2820
2821
2822
2823
2824
2838
2839
2840
2841
2842
2843
2844
2845
2846
2847
2848
2849
2850
2851
2852
2853
2854
2855
2856
2857
2858
2859
2860
2861
2862
2863
2871
2872
2873
2874
2875
2877
2878
2879
2880
2881
2882
2883
2884
2892
2893
2894
2895
2896
2897
2898
2899
2924
2926
2927
2934
2935
2936
2937
2938
2939
2948
2949
2950
2951
2952
2953
2968
2969
2970
2971
2972
2973
2974
2975
2976
2977
2978
2979
2980
2981
2982
2983
2984
2985
2986
2987
2988
2989
2990
2991
2994
2995
2996
2997
2998
2999
3000
3005
3006
3007
3008
3009
3010
3011
3012
3013
3014
3015
3016
3017
3018
3019
3020
3021
3022
3023
3024
3025
3026
3027
3028
3029
3030
3031
3033
3035
3036
3042
3043
3044
3045
3046
3047
3048
3049
3050
3051
3052
3053
3054
3055
3056
3057
3058
3059
3060
3075
3076
3077
3078
3079
3080
3081
3088
3089
3090
3091
3092
3093
3094
3095
3096
3097
3098
3099
3100
3107
3108
3109
3110
3111
3112
3113
3114
3115
3116
3117
3118
3119
3120
3121
3122
3123
3124
3125
3140
3141
3142
3143
3144
3145
3146
3154
3155
3156
3157
3158
3159
3167
3168
3169
3170
3171
3172
3173
3174
3175
3176
3177
3178
3179
3187
3188
3189
3190
3191
3192
3221
3222
3223
3224
3225
3226
3227
3228
3229
3230
3231
3232
3233
3234
3235
3236
3237
3238
3239
3240
3241
3242
3243
3263
3264
3265
3266
3267
3268
3269
3270
3277
3278
3279
3280
3281
3282
3283
3284
3285
3286
3287
3288
3289
3290
3291
3298
3299
3300
3301
3302
3303
3304
3305
3306
3308
3309
3311
3312
3313
3314
3315
3316
3317
3318
3336
3337
3338
3339
3340
3341
3342
3343
3344
3345
3346
3347
3348
3349
3350
3351
3352
3353
3354
3355
3356
3357
3358
3359
3360
3361
3362
3376
3377
3378
3379
3380
3381
3393
3394
3395
3396
3397
3398
3399
3406
3407
3408
3409
3410
3411
3412
3420
3421
3422
3423
3424
3425
3426
3427
3428
3429
3430
3431
3439
3440
3441
3442
3443
3444
3445
3452
3453
3454
3455
3456
3457
3458
3459
3460
3461
3462
3463
3464
3465
3466
3467
3468
3469
3470
3471
3472
3473
3474
3475
3476
3477
3478
3490
3491
3492
3493
3494
3495
3496
3497
3511
3512
3513
3514
3515
3516
3517
3518
3519
3520
3521
3522
3523
3524
3525
3526
3527
3528
3529
3530
3531
3532
3533
3560
3561
3562
3563
3564
3565
3566
3567
3568
3569
3570
3571
3572
3573
3574
3575
3576
3577
3578
3579
3588
3589
3590
3591
3592
3593
3594
3595
3596
3597
3598
3599
3600
3601
3602
3603
3604
3605
3606
3607
3612
3613
3614
3615
3616
3617
3618
3619
3620
3621
3622
3623
3624
3625
3626
3627
3628
3629
3630
3631
3632
3639
3640
3641
3642
3643
3644
3645
3646
3647
3648
3649
3650
3651
3659
3660
3661
3662
3663
3664
3665
3666
3667
3668
3669
3675
3676
3679
3680
3681
3682
3683
3684
3685
3686
3700
3701
3702
3703
3704
3705
3706
3720
3721
3722
3723
3724
3725
3732
3733
3734
3735
3736
3737
3738
3739
3740
3741
3742
3743
3744
3745
3746
3747
3748
3749
3750
3751
3752
3753
3754
3774
3775
3776
3777
3778
3779
3780
3781
3782
3783
3784
3785
3793
3794
3795
3796
3797
3798
3799
3800
3801
3802
3803
3804
3805
3820
3821
3822
3823
3824
3825
3838
3839
3840
3841
3842
3843
3844
3845
3846
3847
3848
3849
3856
3857
3858
3859
3860
3861
3862
3864
3865
3866
3868
3869
3870
3871
3872
3873
3874
3894
3895
3896
3897
3898
3899
3900
3901
3902
3903
3904
3905
3906
3907
3908
3909
3910
3923
3924
3925
3926
3927
3928
3946
3947
3948
3949
3950
3951
3952
3953
3954
3955
3956
3957
3958
3959
3960
3961
3962
3963
3964
3965
3984
3985
3986
3987
3988
3989
3990
3998
4002
4020
4021
4022
4023
4024
4025
4026
4027
4028
4029
4030
4031
4032
4033
4034
4035
4036
4037
4038
4041
4042
4044
4045
4053
4054
4055
4056
4057
4058
4072
4073
4074
4075
4076
4077
4084
4085
4086
4087
4088
4089
4090
4091
4092
4093
4094
4095
4097
4098
4099
4100
4101
4102
4103
4104
4105
4106
4107
4108
4109
4110
4111
4112
4113
4120
4121
4122
4123
4124
4125
4131
4132
4133
4134
4135
4136
4143
4145
4146
4149
4150
4151
4152
4153
4154
4155
4156
4157
4158
4159
4160
4180
4181
4182
4183
4184
4185
4186
4187
4188
4189
4190
4191
4192
4193
4194
4195
4196
4197
4198
4199
4200
4201
4202
4203
4204
4210
4211
4212
4213
4214
4215
4216
4217
4218
4219
4220
4221
4222
4231
4232
4233
4234
4235
4236
4237
4238
4239
4240
4241
4242
4243
4257
4258
4259
4260
4261
4262
4263
4264
4265
4266
4267
4268
4269
4270
4271
4272
4273
4274
4287
4288
4289
4290
4291
4292
4293
4294
4295
4296
4297
4298
4299
4303
4304
4311
4312
4313
4314
4315
4316
4317
4318
4319
4320
4321
4322
4323
4324
4325
4326
4327
4330
4349
4350
4351
4352
4353
4354
4361
4362
4363
4364
4365
4366
4367
4368
4369
4372
4373
4374
4375
4376
4377
4378
4379
4380
4381
4388
4389
4395
4396
4397
4398
4399
4400
4401
4402
4403
4404
4405
4406
4407
4408
4409
4410
4411
4412
4413
4414
4415
4416
4417
4418
4419
4420
4421
4422
4423
4424
4425
4426
4427
4428
4429
4431
4432
4433
4435
4436
4437
4440
4441
4463
4464
4465
4466
4469
4470
4473
4487
4488
4489
4490
4491
4492
4493
4494
4495
4496
4497
4498
4499
4500
4501
4502
4503
4504
4511
4512
4513
4514
4515
4516
4517
4518
4519
4520
4521
4522
4523
4524
4525
4526
4527
4528
4529
4530
4531
4532
4533
4534
4535
4536
4537
4538
4539
4540
4553
4554
4555
4556
4557
4558
4565
4566
4567
4568
4569
4570
4571
4572
4573
4574
4575
4576
4577
4590
4591
4592
4593
4594
4595
4602
4603
4604
4605
4606
4607
4608
4609
4610
4611
4612
4613
4621
4622
4623
4624
4625
4626
4627
4628
4629
4630
4631
4632
4633
4634
4653
4654
4655
4656
4657
4658
4659
4660
4661
4662
4663
4664
4665
4672
4673
4674
4675
4676
4677
4688
4689
4690
4691
4692
4693
4700
4701
4702
4703
4704
4705
4706
4707
4708
4709
4710
4711
4712
4721
4722
4725
4726
4727
4728
4729
4730
4755
4756
4757
4758
4759
4760
4761
4768
4769
4770
4771
4772
4773
4774
4775
4776
4777
4778
4779
4785
4786
4787
4788
4789
4790
4791
4792
4793
4794
4795
4796
4797
4798
4799
4800
4801
4802
4803
4815
4816
4817
4818
4830
4831
4832
4833
4834
4835
4836
4837
4838
4839
4840
4841
4842
4843
4844
4845
4846
4847
4848
4849
4850
4851
4852
4853
4854
4861
4862
4864
4868
4869
4870
4871
4872
4873
4887
4888
4889
4890
4891
4898
4899
4900
4901
4902
4903
4904
4905
4906
4907
4908
4909
4910
4911
4912
4913
4914
4915
4916
4917
4918
4919
4920
4921
4922
4923
4924
4925
4926
4927
4928
4936
4937
4938
4939
4940
4941
4942
4943
4944
4945
4946
4947
4948
4949
4950
4951
4959
4960
4961
4962
4963
4964
4965
4971
4972
4973
4974
4975
4976
4977
4978
4979
4980
4981
4982
4983
4984
4985
4986
4987
4988
4989
4990
5005
5009
5022
5023
5024
5025
5026
5027
5028
5029
5030
5031
5032
5033
5034
5041
5042
5043
5044
5045
5046
5047
5048
5049
5050
5051
5052
5053
5054
5055
5056
5063
5064
5065
5066
5067
5068
5069
5070
5071
5072
5073
5074
5075
5076
5077
5078
5085
5086
5087
5088
5089
5090
5091
5092
5093
5094
5095
5096
5097
5098
5099
5100
5101
5102
5103
5104
5105
5106
5107
5108
5109
5126
5127
5128
5129
5130
5131
5132
5133
5134
5135
5136
5137
5138
5139
5140
5141
5142
5143
5144
5145
5146
5147
5148
5149
5150
5151
5152
5153
5154
5155
5156
5157
5158
5159
5160
5161
5162
5170
5171
5172
5173
5174
5175
5176
5182
5183
5184
5185
5186
5187
5188
5189
5190
5191
5192
5193
5205
5206
5207
5208
5209
5210
5217
5218
5219
5220
5221
5222
5223
5224
5225
5226
5227
5228
5253
5254
5255
5256
5257
5258
5264
5265
5266
5267
5268
5269
5270
5294
5295
5296
5297
5298
5299
5300
5301
5302
5303
5304
5305
5306
5307
5308
5309
5310
5311
5324
5325
5330
5333
5334
5335
5350
5351
5352
5353
5354
5355
5356
5357
5358
5359
5360
5361
5362
5363
5364
5365
5372
5373
5374
5375
5376
5377
5380
5382
5383
5384
5385
5386
5393
5394
5395
5396
5397
5398
5399
5400
5405
5413
5414
5415
5416
5417
5418
5436
5437
5438
5439
5440
5441
5442
5443
5444
5445
5446
5447
5459
5460
5461
5462
5463
5464
5465
5466
5467
5468
5469
5470
5483
5484
5485
5486
5487
5500
5501
5502
5503
5504
5505
5506
5507
5508
5509
5510
5511
5512
5513
5514
5515
5516
5517
5518
5519
5526
5527
5528
5529
5530
5531
5532
5539
5540
5541
5542
5543
5544
5558
5559
5560
5561
5562
5563
5564
5565
5572
5573
5574
5575
5576
5588
5589
5590
5591
5592
5593
5594
5595
5596
5597
5598
5599
5600
5606
5607
5611
5624
5625
5626
5627
5628
5629
5630
5631
5632
5633
5634
5635
5636
5637
5638
5639
5640
5641
5642
5643
5644
5645
5646
5647
5648
5649
5650
5651
5652
5653
5654
5655
5656
5657
5658
5659
5660
5661
5662
5663
5664
5665
5673
5674
5675
5676
5677
5678
5679
5680
5681
5682
5683
5690
5691
5692
5693
5694
5709
5710
5711
5712
5713
5714
5715
5716
5717
5718
5719
5729
5730
5731
5732
5733
5734
5735
5743
5744
5745
5746
5747
5748
5749
5750
5751
5752
5753
5754
5789
5790
5791
5792
5793
5794
5795
5796
5797
5798
5799
5800
5801
5802
5803
5804
5805
5806
5807
5808
5809
5810
5811
5812
5813
5814
5815
5816
5817
5818
5819
5820
5821
5822
5823
5824
5825
5826
5827
5828
5829
5830
5831
5836
5837
5838
5839
5840
5841
5842
5843
5844
5845
5846
5847
5848
5849
5850
5851
5852
5853
5854
5855
5856
5857
5858
5859
5860
5861
5862
5863
5864
5865
5866
5867
5868
5874
5875
5876
5877
5878
5879
5880
5881
5882
5883
5889
5890
5891
5892
5893
5894
5895
5896
5901
5902
5903
5904
5905
5906
5907
5908
5909
5910
5911
5912
5913
5914
5915
5916
5917
5918
5919
5920
5921
5922
5923
5924
5925
5926
5927
5934
5935
5936
5937
5938
5941
5942
5943
5944
5958
5959
5960
5961
5962
5963
5964
5965
5966
5967
5968
5969
5970
5971
5972
5973
5974
5975
5976
5977
5978
5979
5980
5981
5982
5983
5984
5985
5986
5987
5988
5989
5990
5991
5992
5993
5994
5995
5996
5997
5998
5999
6000
6001
6002
6003
6004
6005
6006
6007
6008
6009
6010
6011
6012
6013
6014
6016
6017
6018
6021
6022
6023
6024
6036
6042
6046
6047
6048
6049
6050
6051
6087
6088
6089
6090
6091
6092
6093
6094
6095
6096
6097
6116
6117
6118
6119
6120
6121
6129
6132
6133
6134
6135
6136
6137
6138
6168
6169
6170
6171
6172
6173
6174
6175
6176
6177
6178
6179
6180
6181
6182
6206
6207
6208
6209
6210
6211
6212
6213
6214
6215
6216
6217
6218
6219
6220
6234
6235
6236
6238
6239
6240
6241
6242
6243
6244
6245
6246
6247
6248
6249
6250
6256
6257
6258
6259
6260
6261
6262
6263
6264
6265
6266
6267
6268
6270
6275
6276
6277
6278
6279
6280
6281
6282
6283
6284
6285
6286
6287
6288
6289
6290
6291
6292
6293
6294
6295
6296
6297
6298
6299
6305
6306
6307
6308
6309
6310
6311
6312
6313
6314
6315
6328
6329
6330
6331
6332
6333
6334
6335
6336
6337
6338
6344
6345
6346
6347
6348
6349
6350
6351
6352
6353
6354
6355
6356
6357
6358
6359
6381
6382
6383
6384
6385
6386
6387
6388
6389
6390
6391
6399
6400
6401
6402
6403
6404
6405
6414
6415
6416
6417
6418
6436
6438
6448
6449
6450
6451
6452
6463
6464
6465
6466
6467
6468
6469
6470
6471
6472
6473
6474
6475
6476
6477
6478
6479
6480
6481
6482
6489
6490
6491
6492
6493
6504
6505
6506
6507
6508
6531
6532
6541
6542
6543
6544
6551
6552
6553
6554
6555
6556
6557
6558
6559
6560
6561
6562
6563
6564
6565
6566
6567
6568
6569
6570
6571
6572
6573
6574
6575
6576
6577
6578
6579
6580
6581
6582
6583
6584
6585
6586
6587
6588
6592
6593
6594
6595
6605
6606
6607
6608
6615
6616
6617
6618
6619
6620
6621
6622
6623
6624
6625
6634
6635
6636
6637
6638
6641
6642
6643
6644
6645
6646
6647
6648
6649
6650
6651
6652
6653
6654
6655
6656
6666
6667
6668
6669
6670
6671
6672
6673
6674
6675
6676
6677
6678
6679
6701
6702
6703
6717
6718
6719
6720
6730
6731
6749
6750
6751
6752
6758
6759
6760
6761
6762
6763
6764
6767
6769
6770
6771
6772
6773
6779
6780
6781
6782
6783
6784
6785
6786
6787
6788
6789
6790
6791
6792
6793
6794
6801
6802
6803
6804
6805
6806
6807
6808
6809
6810
6812
6813
6814
6815
6816
6817
6820
6821
6822
6823
6824
6825
6826
6827
6828
6829
6830
6831
6832
6833
6834
6851
6852
6853
6854
6855
6865
6866
6867
6871
6882
6883
6884
6885
6886
6887
6888
6889
6890
6891
6892
6893
6894
6895
6896
6897
6902
6903
6904
6905
6906
6907
6908
6916
6919
6920
6921
6922
6924
6925
6926
6927
6928
6929
6936
6937
6946
6947
6948
6949
6950
6951
6952
6953
6954
6963
6964
6965
6966
6967
6969
6971
6977
6978
6979
6980
6981
6982
6983
6984
6985
6986
6987
6988
6989
6994
6995
6996
6997
6998
6999
7000
7001
7002
7004
7005
7006
7007
7008
7013
7014
7015
7016
7017
7018
7019
7020
7021
7022
7023
7024
7025
7026
7027
7028
7029
7030
7031
7032
7033
7034
7035
7036
7037
7038
7039
7040
7041
7042
7043
7044
7051
7052
7053
7054
7055
7056
7059
7060
7061
7062
7063
7064
7065
7071
7072
7073
7074
7075
7076
7077
7078
7079
7080
7081
7087
7093
7094
7095
7096
7097
7098
7099
7100
7101
7102
7103
7104
7105
7106
7107
7108
7109
7110
7111
7112
7113
7114
7115
7116
7117
7118
7119
7127
7128
7129
7130
7131
7132
7145
7146
7147
7149
7150
7155
7156
7157
7158
7159
7160
7161
7162
7163
7164
7165
7166
7170
7171
7172
7173
7180
7181
7182
7183
7184
7185
7186
7193
7194
7195
7196
7197
7198
7199
7200
7201
7202
7203
7204
7205
7211
7212
7213
7214
7229
7230
7231
7232
7233
7234
7235
7236
7237
7238
7239
7245
7246
7249
7250
7251
7252
7253
7254
7255
7256
7257
7258
7259
7260
7261
7262
7263
7264
7265
7266
7267
7268
7269
7274
7275
7276
7277
7278
7279
7280
7289
7290
7291
7292
7293
7294
7295
7296
7297
7298
7299
7300
7301
7302
7303
7304
7308
7309
7310
7327
7328
7329
7330
7331
7345
7346
7349
7350
7351
7361
7362
7363
7364
7365
7366
7367
7368
7374
7375
7376
7377
7378
7382
7383
7386
7387
7402
7403
7404
7405
7406
7407
7408
7413
7414
7417
7421
7422
7423
7424
7425
7426
7427
7428
7429
7430
7431
7438
7440
7441
7442
7443
7444
7450
7452
7455
7456
7457
7458
7459
7460
7461
7462
7463
7464
7465
7466
7471
7472
7478
7479
7480
7484
7485
7486
7487
7488
7489
7490
7491
7492
7493
7494
7495
7496
7497
7498
7499
7500
7501
7502
7503
7504
7505
7506
7507
7508
7509
7510
7511
7512
7513
7520
7528
7529
7530
7531
7533
7538
7539
7540
7541
7542
7543
7544
7545
7546
7547
7548
7549
7550
7554
7555
7556
7557
7563
7564
7565
7566
7577
7579
7580
7581
7582
7583
7584
7597
7600
7601
7602
7603
7609
7610
7611
7612
7613
7614
7621
7622
7623
7624
7625
7626
7627
7628
7635
7636
7640
7646
7649
7650
7657
7658
7659
7660
7661
7662
7663
7664
7672
7673
7674
7686
7687
7688
7689
7690
7691
7692
7693
7694
7695
7697
7698
7699
7700
7701
7703
7704
7705
7706
7707
7708
7709
7710
7711
7712
7713
7714
7715
7718
7719
7720
7721
7722
7723
7728
7729
7730
7731
7732
7733
7739
7740
7741
7742
7745
7746
7747
7748
7749
7750
7751
7752
7753
7754
7755
7756
7757
7758
7759
7760
7761
7762
7763
7771
7772
7773
7776
7778
7779
7780
7781
7782
7783
7784
7786
7787
7788
7791
7792
7793
7794
7795
7796
7797
7798
7799
7810
7811
7813
7815
7816
7821
7822
7823
7824
7825
7826
7827
7828
7829
7852
7853
7854
7855
7856
7859
7860
7861
7862
7873
7874
7875
7876
7877
7878
7879
7880
7881
7882
7883
7884
7885
7886
7887
7888
7889
7890
7891
7892
7893
7894
7895
7896
7897
7898
7904
7905
7906
7907
7908
7909
7910
7916
7926
7927
7928
7929
7930
7937
7939
7940
7941
7942
7943
7953
7955
7956
7958
7959
7960
7961
7962
7970
7974
7975
7976
7977
7979
7987
7988
7989
7990
7991
7997
7998
7999
8000
8001
8002
8003
8004
8005
8009
8011
8012
8013
8014
8015
8016
8017
8018
8019
8025
8035
8036
8037
8038
8039
8040
8044
8047
8048
8049
8050
8051
8055
8058
8059
8063
8064
8080
8083
8084
8085
8086
8087
8088
8093
8094
8095
8096
8097
8098
8099
8101
8102
8103
8104
8105
8106
8117
8118
8119
8120
8121
8124
8125
8131
8132
8133
8135
8136
8142
8143
8145
8146
8147
8148
8149
8150
8151
8152
8159
8160
8161
8162
8163
8171
8172
8173
8174
8175
8176
8183
8184
8185
8192
8193
8194
8195
8196
8197
8198
8200
8201
8202
8203
8204
8205
8206
8211
8212
8218
8219
8221
8224
8228
8229
8230
8231
8236
8244
8245
8248
8249
8255
8256
8259
8260
8268
8269
8274
8275
8276
8277
8278
8279
8281
8285
8294
8297
8298
8303
8304
8306
8311
8312
8315
8316
8317
8320
8321
8322
8323
8324
8325
8328
8329
8330
8331
8333
8334
8335
8336
8337
8338
8339
8340
8343
8344
8345
8346
8347
8348
8349
8354
8355
8356
8360
8361
8362
8363
8364
8365
8366
8370
8381
8387
8388
8391
8392
8393
8394
8395
8397
8400
8410
8411
8412
8416
8417
8424
8425
8426
8427
8428
8430
8431
8436
8437
8438
8446
8447
8448
8449
8454
8455
8456
8457
8460
8462
8463
8464
8468
8469
8470
8473
8474
8475
8476
8483
8488
8489
8490
8491
8501
8502
8509
8510
8511
8519
8520
8521
8522
8523
8524
8525
8526
8528
8529
8532
8533
8536
8537
8538
8539
8543
8552
8565
8568
8569
8570
8571
8572
8573
8574
8578
8579
8580
8581
8585
8586
8591
8598
8605
8608
8609
8611
8612
8613
8614
8615
8616
8617
8619
8624
8625
8627
8628
8643
8644
8652
8653
8654
8655
8656
8659
8660
8661
8663
8664
8665
8666
8672
8673
8674
8675
8676
8677
8678
8679
8680
8681
8682
8683
8684
8685
8686
8687
8697
8698
8703
8704
8705
8706
8708
8711
8712
8713
8716
8717
8718
8723
8724
8725
8726
8727
8728
8731
8732
8733
8734
8735
8740
8744
8749
8752
8753
8754
8755
8756
8758
8759
8760
8761
8763
8764
8765
8775
8776
8777
8778
8785
8787
8788
8789
8790
8791
8792
8793
8794
8795
8796
8797
8798
8799
8800
8801
8807
8808
8809
8810
8811
8812
8813
8814
8815
8817
8818
8820
8821
8835
8846
8849
8850
8851
8853
8859
8860
8863
8864
8865
8866
8867
8882
8883
8884
8885
8886
8887
8888
8889
8895
8898
8901
8905
8908
8909
8910
8911
8914
8918
8920
8921
8922
8923
8925
8926
8927
8930
8938
8939
8940
8947
8950
8954
8959
8961
8967
8968
8969
8970
8971
8972
8973
8975
8981
8986
8988
8989
8993
8995
8996
8998
9001
9002
9003
9004
9006
9007
9008
9009
9010
9016
9017
9019
9026
9027
9029
9030
9031
9036
9037
9038
9049
9050
9051
9052
9053
9055
9059
9064
9067
9068
9069
9074
9076
9077
9078
9080
9088
9092
9094
9095
9096
9097
9099
9100
9101
9102
9117
9118
9119
9128
9131
9132
9133
9134
9135
9137
9138
9140
9143
9144
9145
9146
9149
9151
9152
9153
9154
9163
9165
9167
9168
9172
9173
9175
9184
9185
9187
9188
9190
9191
9192
9193
9194
9195
9196
9197
9199
9201
9202
9203
9205
9207
9209
9213
9218
9220
9221
9224
9226
9227
9228
9229
9230
9231
9235
9239
9242
9243
9245
9250
9251
