5132
13
14
15
16
17
18
19
20
21
22
23
24
32
33
34
35
36
37
44
45
46
47
48
49
56
57
58
59
60
61
62
63
64
65
66
67
68
69
70
71
72
73
74
75
76
77
78
79
80
81
82
83
84
85
86
87
88
89
90
91
92
93
94
107
108
109
110
111
112
113
114
115
116
117
118
124
125
126
127
128
129
130
131
132
133
134
135
142
143
144
145
146
147
148
160
161
162
163
164
165
166
167
168
169
170
177
178
179
180
181
182
190
191
192
193
194
195
202
203
204
205
206
207
208
209
210
211
212
213
214
215
216
217
218
219
220
221
222
223
224
225
226
227
228
229
230
231
232
233
234
235
236
244
245
246
247
248
249
250
251
252
253
254
255
256
257
272
273
274
275
276
277
278
279
280
281
282
283
284
322
323
324
325
326
327
334
335
336
337
338
339
340
341
342
343
344
345
346
354
355
356
357
358
359
374
375
376
377
378
379
380
391
392
393
394
395
396
397
398
399
400
401
402
403
411
412
413
414
415
416
417
418
419
420
421
429
430
431
432
433
434
435
441
442
443
444
445
446
447
467
468
469
470
471
472
473
474
475
476
477
478
479
480
481
482
483
484
485
486
493
494
495
496
497
498
517
518
519
520
521
522
523
524
525
526
527
547
548
549
550
551
552
553
554
556
557
558
566
567
568
569
570
571
584
585
586
587
588
589
590
591
592
593
594
595
596
597
598
599
600
613
614
615
616
617
618
626
627
628
629
630
631
632
640
641
642
643
644
645
654
655
656
657
658
659
660
661
662
663
664
665
672
673
674
675
676
677
678
679
680
681
682
683
690
691
692
693
694
695
696
697
700
701
702
703
704
705
706
707
708
715
716
717
718
719
720
721
722
723
724
725
726
727
728
729
730
731
732
733
734
735
736
737
738
739
740
741
742
743
744
762
763
764
765
766
767
768
769
770
771
772
773
780
781
782
783
784
785
786
787
788
789
790
791
792
793
794
795
796
797
805
806
807
808
809
810
811
812
813
814
815
816
817
818
819
820
821
822
846
847
848
849
850
851
858
859
860
861
862
863
864
865
866
867
868
875
876
877
878
879
880
889
890
891
892
893
894
895
896
897
898
899
900
901
902
903
904
905
906
907
908
909
910
911
912
913
914
929
930
931
932
933
934
935
936
937
938
939
940
941
949
950
951
952
953
954
955
956
957
958
959
960
961
962
963
964
965
966
967
968
969
970
971
972
973
974
975
976
977
978
979
980
981
982
983
984
985
986
987
988
989
990
991
992
998
999
1000
1001
1002
1003
1011
1012
1013
1014
1015
1016
1017
1018
1019
1020
1021
1022
1023
1024
1025
1026
1027
1028
1029
1030
1031
1032
1033
1034
1035
1036
1037
1038
1044
1045
1046
1047
1048
1049
1050
1051
1052
1053
1054
1055
1067
1068
1069
1070
1071
1072
1073
1088
1089
1090
1091
1092
1093
1116
1117
1121
1122
1123
1124
1125
1126
1127
1128
1129
1130
1131
1132
1133
1134
1135
1150
1151
1152
1153
1154
1155
1156
1157
1158
1159
1160
1161
1162
1163
1164
1165
1166
1167
1168
1169
1170
1171
1172
1173
1174
1175
1176
1177
1178
1179
1180
1181
1182
1183
1184
1185
1186
1187
1188
1210
1211
1212
1213
1214
1215
1216
1217
1218
1219
1220
1221
1222
1223
1224
1225
1226
1227
1228
1229
1237
1238
1239
1240
1260
1261
1262
1263
1264
1265
1283
1284
1285
1286
1287
1288
1295
1296
1297
1298
1299
1300
1301
1302
1303
1304
1305
1306
1307
1308
1309
1310
1311
1312
1313
1378
1379
1380
1381
1382
1389
1390
1391
1392
1393
1394
1395
1396
1397
1398
1399
1400
1401
1402
1403
1404
1405
1406
1407
1408
1415
1416
1417
1418
1419
1420
1421
1422
1423
1424
1425
1426
1440
1441
1442
1443
1444
1445
1446
1447
1448
1449
1450
1451
1452
1453
1454
1455
1456
1457
1458
1477
1478
1479
1480
1481
1494
1495
1496
1497
1498
1499
1500
1507
1508
1509
1510
1511
1512
1513
1519
1520
1521
1522
1523
1524
1525
1526
1527
1528
1529
1530
1536
1537
1538
1539
1551
1552
1553
1554
1555
1556
1557
1570
1571
1572
1573
1574
1575
1576
1577
1578
1579
1580
1581
1582
1583
1584
1585
1586
1587
1588
1589
1590
1591
1592
1593
1615
1616
1617
1618
1619
1620
1628
1629
1630
1631
1632
1633
1634
1635
1636
1637
1638
1639
1640
1641
1642
1643
1644
1645
1653
1654
1655
1656
1657
1658
1670
1671
1672
1673
1674
1675
1677
1681
1706
1707
1708
1709
1710
1711
1712
1713
1714
1715
1716
1717
1737
1738
1739
1740
1741
1742
1743
1744
1745
1746
1747
1748
1749
1750
1758
1759
1760
1761
1762
1763
1764
1778
1779
1780
1781
1782
1783
1784
1785
1786
1787
1788
1789
1790
1791
1792
1793
1794
1795
1802
1803
1808
1809
1810
1811
1812
1813
1838
1839
1840
1841
1842
1843
1844
1845
1846
1847
1848
1901
1902
1903
1904
1905
1906
1919
1920
1921
1922
1923
1924
1925
1926
1927
1928
1929
1930
1931
1932
1933
1946
1947
1948
1949
1950
1951
1970
1971
1972
1973
1974
1975
1976
1983
1984
1985
1986
1987
1988
1996
1997
1998
1999
2000
2001
2002
2003
2004
2005
2006
2008
2010
2015
2016
2017
2018
2025
2026
2027
2028
2029
2030
2031
2032
2033
2034
2035
2036
2045
2046
2047
2048
2049
2050
2051
2052
2053
2054
2055
2056
2057
2058
2059
2060
2061
2062
2063
2064
2065
2066
2067
2068
2069
2070
2071
2072
2073
2080
2081
2082
2083
2084
2085
2092
2093
2094
2095
2096
2097
2098
2099
2100
2101
2102
2103
2104
2105
2106
2107
2108
2109
2110
2111
2112
2113
2114
2115
2116
2122
2123
2124
2125
2126
2127
2128
2129
2130
2131
2132
2133
2134
2135
2136
2137
2138
2142
2143
2144
2145
2146
2147
2148
2149
2150
2151
2152
2153
2154
2155
2156
2157
2158
2159
2160
2161
2162
2163
2164
2165
2190
2191
2192
2193
2194
2195
2202
2203
2204
2205
2206
2207
2208
2209
2210
2211
2212
2213
2226
2227
2228
2229
2230
2231
2232
2239
2240
2241
2242
2243
2244
2251
2252
2253
2254
2255
2256
2257
2258
2259
2260
2261
2262
2263
2264
2265
2266
2267
2287
2288
2289
2290
2291
2292
2293
2294
2295
2296
2297
2298
2304
2305
2306
2307
2308
2309
2310
2311
2312
2313
2314
2315
2316
2317
2318
2319
2320
2321
2322
2323
2324
2325
2326
2327
2328
2335
2336
2337
2338
2339
2365
2366
2367
2368
2369
2370
2383
2384
2385
2386
2387
2388
2389
2390
2391
2392
2393
2394
2395
2396
2397
2398
2399
2400
2401
2402
2403
2404
2405
2406
2413
2414
2415
2416
2417
2424
2425
2426
2427
2428
2429
2430
2473
2474
2475
2476
2477
2478
2479
2480
2483
2493
2494
2495
2496
2497
2498
2499
2500
2501
2502
2503
2504
2505
2506
2507
2515
2516
2517
2518
2519
2520
2526
2527
2528
2529
2530
2531
2532
2533
2534
2535
2536
2537
2538
2539
2540
2541
2542
2570
2571
2572
2573
2574
2582
2583
2584
2585
2586
2587
2594
2595
2596
2597
2598
2599
2600
2601
2602
2603
2604
2605
2606
2607
2608
2609
2610
2616
2617
2618
2619
2620
2621
2622
2623
2624
2625
2626
2627
2647
2648
2651
2652
2654
2655
2656
2657
2658
2659
2660
2661
2662
2663
2664
2665
2666
2672
2673
2674
2675
2676
2677
2678
2679
2680
2681
2682
2683
2684
2685
2686
2687
2688
2689
2690
2693
2694
2697
2698
2699
2700
2701
2702
2721
2722
2723
2724
2725
2726
2727
2728
2729
2730
2731
2732
2733
2734
2737
2738
2739
2740
2741
2742
2743
2744
2745
2746
2747
2748
2749
2750
2751
2752
2753
2754
2755
2756
2757
2758
2773
2774
2775
2776
2777
2778
2779
2780
2781
2782
2783
2784
2785
2806
2807
2808
2809
2810
2811
2812
2813
2814
2815
2816
2817
2818
2819
2820
2821
2822
2873
2874
2875
2876
2877
2878
2886
2887
2888
2889
2890
2891
2892
2900
2901
2902
2903
2904
2905
2906
2907
2908
2909
2910
2911
2912
2913
2914
2915
2916
2917
2918
2919
2920
2921
2922
2923
2924
2925
2926
2927
2935
2936
2937
2938
2939
2940
2941
2947
2948
2949
2950
2951
2952
2968
2969
2970
2971
2972
2979
2980
2981
2982
2983
2984
2985
2986
2987
2988
2989
2990
2991
3012
3013
3014
3015
3016
3017
3031
3032
3033
3034
3035
3036
3043
3044
3045
3046
3047
3048
3049
3050
3051
3052
3053
3054
3055
3056
3057
3058
3059
3060
3061
3062
3063
3064
3065
3066
3067
3068
3069
3076
3077
3078
3079
3080
3081
3082
3083
3084
3085
3086
3087
3088
3095
3096
3097
3098
3099
3100
3101
3102
3103
3104
3105
3106
3112
3113
3114
3115
3116
3117
3118
3119
3120
3121
3122
3123
3128
3129
3130
3138
3139
3140
3141
3142
3143
3144
3145
3146
3147
3148
3149
3150
3151
3152
3153
3154
3155
3156
3157
3158
3159
3160
3161
3162
3163
3164
3179
3180
3181
3182
3183
3184
3185
3186
3187
3188
3189
3190
3191
3192
3193
3194
3195
3196
3197
3205
3206
3207
3208
3209
3210
3211
3219
3221
3237
3238
3239
3240
3241
3242
3243
3244
3245
3246
3247
3248
3249
3250
3251
3252
3253
3254
3255
3256
3257
3263
3264
3265
3266
3267
3268
3269
3270
3271
3272
3273
3274
3291
3292
3293
3294
3295
3296
3297
3298
3299
3300
3301
3302
3309
3310
3311
3312
3313
3314
3315
3316
3317
3318
3319
3320
3321
3322
3323
3324
3325
3326
3327
3328
3329
3330
3331
3332
3333
3334
3335
3336
3337
3338
3339
3340
3341
3342
3343
3344
3345
3346
3347
3348
3349
3350
3351
3352
3353
3354
3362
3363
3364
3365
3366
3367
3368
3369
3370
3371
3372
3373
3374
3375
3376
3377
3378
3379
3387
3388
3389
3390
3391
3392
3399
3400
3401
3402
3403
3404
3405
3406
3407
3408
3409
3410
3411
3412
3413
3414
3415
3416
3417
3424
3425
3426
3427
3428
3429
3437
3438
3439
3440
3441
3442
3443
3450
3451
3452
3453
3454
3455
3456
3457
3458
3459
3460
3461
3462
3508
3509
3510
3511
3512
3513
3514
3515
3516
3517
3518
3519
3520
3529
3530
3531
3532
3533
3534
3541
3542
3543
3544
3545
3546
3548
3549
3550
3553
3554
3555
3556
3557
3564
3565
3566
3567
3568
3569
3570
3571
3572
3573
3574
3575
3576
3577
3578
3579
3580
3581
3589
3590
3591
3592
3593
3594
3620
3621
3622
3623
3624
3625
3626
3627
3628
3629
3630
3631
3632
3633
3634
3635
3636
3637
3638
3639
3640
3641
3642
3656
3657
3658
3659
3660
3661
3662
3674
3675
3676
3677
3678
3679
3694
3695
3696
3697
3698
3699
3700
3701
3702
3703
3704
3705
3706
3707
3714
3715
3716
3717
3718
3719
3727
3728
3729
3730
3731
3732
3733
3734
3735
3736
3737
3738
3739
3740
3741
3742
3743
3744
3745
3746
3747
3748
3749
3750
3762
3763
3764
3765
3766
3767
3774
3775
3776
3777
3778
3779
3780
3781
3782
3783
3784
3785
3786
3787
3788
3789
3790
3791
3792
3808
3809
3810
3811
3812
3813
3814
3815
3816
3817
3818
3819
3820
3821
3822
3823
3824
3825
3826
3827
3828
3829
3830
3831
3832
3847
3848
3849
3850
3851
3852
3853
3866
3867
3868
3869
3870
3871
3872
3873
3880
3881
3884
3887
3888
3889
3890
3891
3892
3893
3912
3913
3923
3924
3925
3926
3927
3934
3935
3936
3937
3938
3939
3953
3954
3955
3956
3960
3961
3962
3963
3964
3965
3971
3972
3973
3974
3975
3976
3977
3978
3980
3982
3983
4002
4003
4004
4005
4006
4007
4008
4009
4010
4011
4012
4013
4014
4015
4016
4017
4018
4019
4020
4021
4022
4023
4024
4025
4026
4027
4028
4047
4048
4049
4050
4051
4052
4059
4060
4061
4062
4063
4084
4085
4086
4087
4088
4089
4090
4091
4092
4093
4094
4095
4096
4097
4118
4119
4120
4121
4122
4123
4131
4132
4133
4134
4135
4136
4137
4138
4139
4140
4141
4142
4143
4144
4145
4146
4147
4160
4161
4162
4163
4164
4191
4192
4193
4194
4195
4221
4222
4223
4224
4225
4226
4227
4228
4229
4230
4231
4232
4240
4241
4242
4243
4244
4245
4246
4247
4248
4249
4250
4251
4261
4262
4263
4264
4265
4272
4273
4274
4275
4276
4277
4278
4279
4280
4281
4282
4283
4284
4285
4286
4287
4288
4289
4290
4297
4298
4299
4300
4301
4302
4303
4304
4305
4306
4307
4316
4317
4318
4319
4320
4321
4329
4330
4331
4332
4333
4334
4335
4336
4337
4338
4339
4340
4352
4353
4354
4355
4356
4357
4358
4365
4366
4367
4368
4369
4370
4390
4391
4392
4393
4394
4395
4396
4397
4398
4399
4407
4408
4409
4413
4414
4415
4416
4417
4418
4419
4420
4421
4422
4423
4424
4425
4426
4427
4428
4429
4430
4431
4432
4440
4441
4442
4443
4444
4445
4446
4447
4448
4450
4451
4452
4453
4454
4455
4456
4457
4458
4459
4460
4461
4469
4470
4471
4472
4473
4474
4475
4476
4490
4491
4492
4493
4494
4495
4496
4497
4498
4499
4500
4501
4502
4503
4504
4505
4506
4507
4508
4509
4510
4518
4519
4520
4521
4522
4523
4524
4537
4538
4539
4540
4541
4542
4543
4563
4564
4565
4566
4567
4568
4569
4604
4605
4606
4607
4608
4609
4610
4611
4612
4613
4614
4615
4646
4647
4648
4649
4650
4651
4652
4653
4654
4655
4656
4657
4658
4670
4671
4672
4673
4674
4675
4680
4681
4682
4683
4690
4691
4692
4693
4694
4695
4696
4710
4711
4712
4713
4714
4715
4729
4730
4731
4732
4733
4734
4735
4746
4747
4748
4749
4750
4751
4776
4777
4778
4779
4780
4781
4782
4789
4790
4791
4792
4793
4794
4801
4802
4803
4804
4805
4806
4807
4808
4809
4810
4811
4812
4813
4814
4815
4816
4817
4818
4848
4850
4852
4853
4854
4855
4856
4857
4858
4859
4867
4868
4869
4870
4871
4872
4879
4880
4881
4882
4883
4884
4885
4886
4887
4888
4889
4890
4897
4898
4899
4900
4901
4902
4903
4904
4905
4906
4907
4908
4909
4910
4911
4912
4913
4914
4915
4916
4917
4931
4932
4933
4934
4935
4936
4974
4975
4976
4977
4978
4985
4986
4987
4988
4989
4990
4991
4992
4993
4994
4995
4996
4997
5004
5005
5006
5007
5008
5009
5010
5034
5035
5036
5037
5038
5039
5047
5048
5049
5050
5051
5052
5073
5074
5075
5076
5077
5078
5079
5080
5081
5082
5083
5084
5092
5096
5097
5098
5099
5100
5101
5102
5103
5104
5105
5106
5107
5108
5109
5128
5129
5130
5131
5132
5133
5134
5135
5136
5137
5138
5139
5140
5141
5142
5143
5144
5145
5146
5147
5148
5149
5150
5151
5152
5153
5154
5155
5156
5157
5158
5159
5160
5161
5162
5163
5164
5165
5166
5167
5168
5169
5170
5171
5178
5179
5180
5181
5182
5183
5201
5202
5203
5204
5205
5206
5207
5208
5209
5210
5211
5212
5213
5214
5215
5216
5217
5218
5219
5220
5221
5222
5223
5224
5225
5226
5234
5235
5236
5237
5238
5239
5240
5241
5242
5243
5244
5245
5246
5253
5254
5255
5256
5257
5258
5259
5260
5261
5262
5263
5264
5265
5289
5290
5291
5292
5293
5294
5305
5306
5307
5308
5309
5310
5318
5319
5320
5321
5322
5323
5331
5332
5333
5335
5336
5337
5338
5339
5340
5353
5354
5355
5356
5357
5358
5359
5360
5361
5362
5363
5364
5370
5371
5372
5373
5374
5375
5376
5377
5378
5379
5380
5381
5382
5383
5384
5385
5386
5387
5414
5415
5416
5417
5418
5419
5426
5427
5428
5429
5430
5431
5432
5433
5434
5435
5436
5437
5451
5452
5453
5454
5455
5456
5457
5458
5459
5460
5461
5462
5463
5464
5465
5466
5467
5468
5469
5470
5471
5472
5473
5474
5475
5476
5477
5478
5479
5486
5488
5513
5514
5515
5516
5517
5518
5519
5520
5521
5522
5523
5524
5525
5526
5527
5528
5529
5530
5531
5543
5544
5545
5546
5547
5548
5549
5560
5561
5562
5563
5564
5565
5572
5573
5574
5575
5576
5577
5578
5579
5580
5581
5582
5583
5584
5585
5586
5587
5588
5589
5590
5591
5592
5593
5594
5595
5603
5604
5605
5606
5607
5608
5609
5610
5611
5612
5613
5614
5615
5616
5617
5618
5619
5620
5628
5629
5630
5631
5632
5639
5640
5641
5642
5643
5644
5645
5646
5647
5648
5649
5655
5656
5657
5658
5659
5660
5661
5662
5663
5664
5665
5666
5668
5669
5670
5671
5673
5674
5675
5676
5677
5678
5679
5680
5681
5682
5683
5684
5685
5686
5687
5688
5689
5690
5691
5692
5693
5694
5695
5696
5703
5704
5705
5706
5707
5708
5715
5716
5717
5718
5719
5720
5721
5722
5723
5724
5725
5726
5727
5728
5729
5730
5731
5732
5733
5734
5735
5736
5739
5740
5742
5752
5753
5754
5755
5756
5757
5758
5759
5760
5761
5762
5763
5764
5765
5766
5767
5768
5769
5770
5771
5772
5773
5774
5780
5781
5782
5783
5784
5785
5786
5798
5800
5802
5803
5804
5805
5806
5807
5808
5821
5822
5823
5824
5825
5826
5833
5834
5835
5836
5837
5838
5839
5840
5841
5842
5843
5861
5862
5863
5864
5865
5866
5867
5868
5869
5870
5871
5872
5873
5874
5875
5876
5889
5890
5891
5892
5893
5894
5895
5896
5897
5898
5899
5900
5901
5902
5903
5904
5905
5906
5907
5908
5909
5910
5911
5912
5913
5914
5915
5916
5917
5918
5919
5920
5921
5922
5935
5936
5937
5938
5939
5940
5941
5942
5965
5966
5967
5968
5969
5970
5971
5978
5979
5980
5981
5982
5983
5984
5985
5986
5987
5988
5989
5990
5991
5992
5993
5994
5995
5996
5997
5998
5999
6000
6001
6002
6003
6004
6005
6006
6007
6008
6009
6010
6011
6012
6013
6014
6015
6016
6017
6018
6019
6020
6021
6022
6023
6024
6025
6026
6027
6028
6029
6030
6031
6032
6033
6034
6035
6036
6037
6038
6039
6040
6041
6042
6043
6044
6067
6068
6069
6070
6071
6072
6073
6074
6075
6076
6077
6078
6079
6080
6081
6082
6083
6090
6091
6092
6093
6094
6095
6113
6114
6115
6116
6117
6118
6119
6120
6121
6122
6129
6130
6131
6132
6133
6145
6146
6147
6148
6149
6150
6155
6158
6166
6167
6168
6169
6170
6171
6177
6178
6179
6180
6181
6182
6188
6189
6190
6191
6192
6193
6206
6207
6208
6209
6210
6211
6212
6213
6214
6215
6216
6217
6222
6223
6224
6225
6226
6227
6228
6229
6230
6231
6232
6233
6241
6242
6243
6244
6245
6251
6252
6253
6254
6255
6256
6257
6258
6259
6260
6261
6262
6263
6264
6265
6266
6267
6283
6284
6285
6286
6287
6288
6289
6290
6302
6303
6304
6305
6306
6309
6310
6311
6312
6313
6314
6315
6316
6317
6323
6324
6325
6326
6327
6333
6334
6335
6336
6337
6344
6345
6346
6347
6348
6349
6350
6362
6363
6364
6365
6366
6367
6368
6369
6370
6371
6372
6373
6374
6375
6376
6377
6378
6380
6381
6383
6384
6385
6386
6387
6388
6389
6390
6391
6392
6393
6394
6395
6396
6397
6398
6399
6400
6401
6407
6408
6409
6415
6416
6417
6418
6419
6420
6438
6439
6440
6441
6447
6448
6449
6450
6451
6452
6469
6470
6471
6472
6473
6474
6481
6482
6483
6484
6485
6486
6498
6499
6500
6501
6502
6503
6504
6505
6506
6507
6508
6519
6520
6521
6522
6525
6532
6533
6534
6535
6536
6537
6538
6539
6540
6541
6542
6543
6544
6545
6546
6547
6548
6549
6550
6551
6552
6553
6554
6555
6573
6574
6575
6576
6577
6578
6579
6580
6581
6582
6583
6584
6585
6586
6587
6588
6589
6590
6596
6597
6598
6599
6600
6601
6609
6610
6611
6612
6613
6614
6615
6616
6625
6626
6627
6628
6629
6638
6639
6640
6641
6650
6651
6652
6653
6659
6660
6661
6662
6663
6664
6665
6666
6667
6668
6669
6676
6677
6678
6679
6690
6691
6692
6693
6694
6695
6696
6697
6698
6699
6700
6708
6709
6710
6711
6712
6727
6729
6735
6736
6737
6738
6739
6740
6741
6742
6743
6744
6745
6746
6755
6756
6757
6758
6759
6760
6762
6763
6764
6770
6771
6772
6773
6774
6775
6776
6777
6778
6779
6780
6781
6782
6783
6784
6785
6786
6797
6798
6799
6800
6801
6808
6810
6821
6822
6823
6824
6825
6826
6827
6828
6829
6830
6831
6832
6833
6834
6835
6836
6837
6842
6843
6844
6845
6846
6847
6848
6849
6850
6851
6852
6853
6854
6855
6856
6857
6858
6859
6861
6862
6863
6864
6865
6866
6867
6868
6869
6870
6871
6872
6873
6874
6875
6876
6877
6878
6879
6881
6884
6885
6886
6887
6888
6903
6904
6905
6906
6907
6908
6909
6910
6911
6912
6913
6914
6915
6916
6917
6918
6919
6920
6921
6922
6923
6924
6925
6926
6927
6938
6939
6940
6941
6942
6943
6944
6945
6946
6947
6948
6949
6956
6957
6958
6959
6960
6961
6962
6963
6964
6965
6966
6972
6973
6974
6975
6976
6977
6978
6979
6980
6981
6982
6983
6984
6985
6986
6987
6988
6993
6994
6995
6996
6997
6998
6999
7000
7001
7002
7007
7008
7018
7019
7020
7021
7022
7023
7024
7025
7026
7027
7028
7029
7030
7031
7032
7033
7034
7035
7041
7042
7043
7044
7045
7046
7049
7050
7059
7060
7072
7073
7074
7075
7082
7083
7084
7085
7086
7087
7088
7089
7090
7091
7092
7093
7094
7095
7096
7097
7098
7104
7105
7106
7107
7108
7109
7110
7111
7112
7113
7114
7115
7116
7117
7118
7119
7120
7121
7122
7123
7124
7125
7126
7127
7128
7129
7141
7142
7143
7144
7145
7146
7163
7164
7165
7166
7167
7170
7171
7172
7173
7174
7175
7176
7177
7178
7187
7188
7189
7190
7198
7199
7200
7201
7202
7204
7205
7214
7215
7216
7217
7218
7219
7220
7222
7223
7224
7225
7226
7227
7228
7234
7235
7236
7237
7238
7243
7244
7245
7246
7247
7248
7249
7250
7251
7252
7272
7273
7274
7275
7276
7287
7288
7289
7290
7291
7297
7298
7299
7300
7301
7308
7309
7310
7311
7312
7313
7314
7315
7316
7320
7321
7322
7335
7336
7337
7338
7349
7350
7351
7366
7367
7368
7369
7370
7375
7376
7377
7378
7383
7384
7385
7386
7387
7393
7394
7395
7396
7397
7398
7399
7400
7401
7402
7403
7404
7405
7406
7407
7408
7409
7410
7411
7417
7427
7428
7434
7435
7436
7437
7438
7439
7440
7441
7442
7443
7444
7445
7446
7447
7448
7449
7450
7451
7452
7453
7454
7455
7456
7457
7458
7459
7460
7461
7462
7463
7470
7471
7472
7473
7474
7475
7476
7477
7478
7479
7480
7487
7488
7489
7490
7498
7499
7500
7501
7502
7503
7504
7505
7506
7509
7510
7511
7512
7513
7514
7515
7516
7517
7518
7519
7520
7521
7522
7523
7524
7525
7526
7542
7543
7544
7545
7546
7547
7548
7549
7550
7551
7559
7560
7561
7562
7563
7564
7565
7566
7567
7571
7572
7573
7574
7575
7576
7577
7578
7579
7580
7598
7599
7600
7601
7602
7607
7608
7609
7610
7611
7612
7613
7614
7615
7620
7621
7622
7623
7634
7635
7636
7637
7638
7639
7640
7641
7642
7651
7652
7653
7654
7655
7660
7661
7662
7663
7664
7665
7666
7667
7668
7669
7673
7674
7675
7676
7677
7678
7679
7703
7704
7705
7722
7723
7724
7725
7726
7727
7728
7734
7735
7736
7737
7738
7739
7744
7745
7746
7747
7748
7753
7754
7755
7756
7762
7763
7764
7765
7766
7767
7768
7769
7770
7776
7777
7778
7779
7780
7781
7782
7787
7788
7789
7790
7791
7816
7817
7818
7819
7820
7823
7826
7827
7828
7829
7832
7833
7834
7836
7837
7838
7844
7845
7846
7862
7863
7864
7865
7866
7867
7868
7869
7870
7871
7872
7877
7880
7881
7890
7891
7892
7893
7894
7895
7896
7897
7903
7904
7905
7906
7907
7915
7916
7917
7918
7919
7924
7925
7926
7940
7941
7942
7943
7944
7945
7946
7947
7948
7949
7950
7951
7952
7964
7965
7966
7967
7968
7969
7970
7971
7972
7973
7978
7979
7980
7981
7982
7983
7984
7995
7997
7998
7999
8000
8001
8005
8006
8007
8008
8009
8010
8011
8012
8013
8014
8015
8016
8017
8018
8025
8026
8027
8028
8029
8030
8031
8032
8033
8034
8037
8038
8039
8040
8041
8042
8043
8044
8045
8046
8047
8052
8053
8054
8055
8056
8057
8058
8059
8060
8061
8062
8063
8064
8067
8068
8069
8070
8071
8072
8079
8080
8081
8082
8083
8084
8085
8086
8087
8088
8089
8092
8093
8100
8101
8102
8103
8104
8105
8106
8107
8111
8112
8113
8114
8115
8125
8126
8130
8133
8134
8135
8141
8162
8163
8164
8165
8166
8172
8173
8174
8175
8176
8177
8178
8183
8184
8185
8186
8187
8188
8189
8190
8196
8197
8198
8205
8206
8207
8232
8233
8234
8235
8236
8237
8238
8239
8240
8241
8242
8243
8244
8245
8246
8247
8248
8249
8250
8251
8252
8253
8254
8255
8256
8258
8259
8260
8261
8262
8263
8266
8267
8268
8269
8270
8271
8272
8283
8284
8289
8290
8291
8292
8295
8296
8297
8298
8299
8300
8301
8302
8303
8304
8305
8311
8312
8313
8314
8315
8316
8321
8322
8323
8324
8325
8326
8327
8334
8335
8336
8337
8352
8353
8355
8356
8357
8358
8359
8360
8361
8362
8363
8364
8365
8379
8382
8383
8384
8385
8387
8393
8394
8407
8408
8411
8412
8414
8415
8416
8419
8427
8432
8433
8434
8435
8441
8456
8457
8458
8461
8462
8473
8474
8475
8476
8477
8483
8485
8496
8497
8498
8499
8500
8501
8508
8509
8523
8528
8529
8530
8535
8536
8537
8540
8541
8542
8550
8551
8552
8553
8557
8558
8562
8563
8564
8565
8566
8567
8568
8569
8571
8572
8573
8574
8575
8583
8584
8585
8586
8591
8592
8593
8594
8595
8596
8597
8598
8599
8600
8601
8602
8603
8604
8606
8607
8608
8610
8611
8612
8613
8615
8616
8617
8618
8619
8622
8623
8624
8625
8626
8627
8628
8634
8635
8636
8637
8643
8644
8649
8650
8651
8656
8657
8663
8665
8670
8672
8675
8682
8683
8684
8685
8686
8687
8693
8697
8698
8699
8700
8701
8702
8703
8704
8705
8706
8710
8711
8712
8713
8717
8718
8719
8720
8721
8725
8726
8727
8731
8734
8735
8736
8737
8738
8739
8740
8741
8742
8743
8755
8756
8757
8758
8759
8760
8761
8762
8766
8767
8768
8769
8771
8772
8773
8774
8775
8776
8778
8780
8781
8782
8783
8784
8791
8792
8793
8794
8799
8801
8805
8806
8807
8812
8813
8818
8824
8827
8828
8829
8830
8831
8832
8833
8834
8848
8849
8850
8862
8863
8864
8865
8866
8867
8871
8872
8873
8877
8878
8879
8883
8884
8885
8886
8887
8890
8891
8892
8893
8894
8898
8903
8904
8905
8911
8912
8915
8916
8919
8925
8926
8927
8930
8932
8933
8934
8935
8936
8937
8942
8943
8947
8949
8950
8951
8952
8953
8954
8959
8960
8970
8971
8975
8976
8980
8981
8982
8984
8987
8988
8989
8990
8991
8995
8996
8997
8998
9005
9006
9010
9012
9013
9014
9015
9016
9017
9022
9023
9024
9029
9030
9031
9032
9033
9055
9056
9057
9064
9065
9068
9069
9070
9076
9079
9080
9081
9082
9083
9090
9094
9095
9096
9099
9100
9101
9102
9103
9106
9107
9108
9109
9110
9111
9112
9113
9114
9117
9119
9120
9121
9123
9124
9125
9126
9129
9130
9131
9132
9133
9143
9144
9145
9147
9149
9150
9157
9158
9159
9160
9166
9167
9169
9170
9171
9172
9173
9174
9178
9182
9183
9189
9190
9193
9194
9195
9196
9197
9198
9201
9209
9212
9213
9221
9226
9227
9228
9229
9234
9235
9236
9239
9240
9241
9242
9243
9244
9245
9246
9247
9253
9254
9255
9256
9257
9258
9272
9273
9279
9280
9282
9290
9291
9294
9295
9296
9298
9299
9300
9301
9302
9303
9304
9312
9313
9314
9315
9316
9329
9330
9331
9336
9337
9338
9339
9340
9341
9342
9343
9359
9363
9373
9374
9375
9376
9377
9378
9379
9380
9381
9385
9386
9387
9388
9389
9391
9392
9393
9394
9396
9397
9398
9399
9419
9426
9427
9430
9431
9432
9435
9436
9437
9438
9439
9440
9441
9445
9446
9447
9448
9449
9450
9456
9457
9458
9459
9467
9471
9474
9475
9486
9487
9493
9496
9497
9503
9504
9505
9506
9507
9508
9511
9512
9514
9516
9517
9518
9519
9520
9521
9522
9523
9524
9525
9530
9531
9532
9536
9537
9538
9540
9541
9542
9548
9549
9550
9551
9552
9561
9562
9563
9564
9566
9569
9573
9574
9575
9583
9591
9594
9597
9601
9602
9610
9613
9616
9617
9618
9620
9626
9627
9628
9629
9633
9639
9640
9643
9644
9653
9654
9655
9656
9657
9658
9659
9660
9661
9666
9667
9668
9673
9674
9675
9676
9684
9688
9689
9691
9692
9694
9696
9697
9700
9701
9702
9703
9704
9706
9707
9708
9709
9710
9711
9712
9716
9719
9720
9729
9730
9731
9733
9734
9735
9737
9738
9739
9741
9744
9745
9746
9755
9758
9759
9762
9763
9764
9770
9771
9775
9776
9777
9781
9782
9786
9787
9793
9794
9797
9799
9801
9802
9807
9824
9825
9826
9827
9828
9829
9830
9831
9832
9836
9837
9838
9841
9842
9849
9851
9852
9855
9856
9857
9858
9863
9864
9865
9866
9867
9868
9869
9870
9873
9874
9880
9881
9883
9884
9890
9893
9894
9904
9911
9912
9914
9915
9918
9920
9921
9925
9926
9927
9928
9933
9934
9935
9936
9937
9941
9943
9944
9946
9959
9960
9961
9962
9963
9964
9965
9967
9968
9972
9973
9975
9976
9979
9980
9982
9986
9987
9993
9996
9997
10001
10003
10009
10011
10012
10014
10015
10018
10023
10024
10027
10028
10033
10038
10042
10043
10044
10045
10046
10047
10051
10055
10059
10062
10065
10066
10068
10069
10070
10071
10075
10076
10077
10078
10079
10083
10084
10087
10091
10093
10094
10095
10096
10097
10098
10099
10100
10103
10104
10107
10111
10112
10113
10114
10119
10120
10121
10123
10124
10125
10128
10129
10134
10137
10140
10141
10145
10146
10148
10149
10155
10158
10160
10161
10162
10172
10173
10176
10179
10180
10188
10192
10194
10195
10200
10205
10211
10213
10214
10216
10223
10227
10229
10230
10231
10232
10236
10237
