5562
6
7
8
9
10
11
30
31
32
33
34
35
36
37
38
39
40
41
42
43
44
45
46
47
48
49
50
51
52
53
54
56
57
58
59
60
61
62
63
64
65
66
67
78
79
80
81
82
83
84
85
86
87
88
89
90
91
92
93
94
95
96
97
98
99
100
101
102
103
110
111
112
113
114
115
116
117
118
119
120
121
122
123
124
125
126
127
128
129
130
131
132
133
134
140
141
142
143
144
145
146
147
148
149
150
151
158
159
160
161
162
163
164
177
178
179
180
181
182
183
184
185
186
187
188
189
195
196
197
198
199
200
201
202
203
204
205
206
207
208
209
210
211
212
213
214
215
216
217
218
219
220
221
222
223
224
225
226
227
228
229
230
237
238
239
240
241
242
243
244
245
246
247
248
249
250
251
252
253
254
255
256
276
277
278
279
280
281
282
283
284
285
286
287
288
289
290
291
292
293
301
304
305
306
309
310
322
323
324
325
326
327
328
329
330
331
332
333
334
335
336
337
338
339
340
341
342
343
344
345
351
352
353
354
355
356
357
358
359
360
361
362
363
364
365
366
367
368
375
376
377
378
379
393
394
395
396
397
398
399
406
407
408
409
410
411
423
424
425
426
427
428
429
430
431
432
439
440
441
442
443
444
450
451
452
453
454
455
456
463
464
465
466
467
468
469
470
471
472
473
474
475
476
477
493
497
498
499
500
501
502
503
504
505
506
507
508
509
510
511
512
513
514
515
516
517
518
519
520
521
522
523
530
531
532
533
534
535
568
569
571
572
573
574
575
576
577
578
579
580
581
582
583
584
585
586
587
588
589
590
591
592
593
594
595
610
611
612
613
614
615
624
625
626
627
628
629
630
631
632
633
640
641
642
643
644
645
646
647
648
649
658
659
660
661
662
663
664
665
666
667
668
669
670
671
672
673
674
675
676
677
678
679
680
681
682
683
684
685
686
687
694
695
696
697
698
699
700
701
702
703
704
705
713
714
715
716
717
718
724
725
726
727
728
729
740
741
742
743
744
745
746
747
748
749
750
751
752
753
754
755
756
757
758
759
760
761
762
763
764
765
766
767
768
769
770
771
772
773
774
775
776
777
778
779
780
781
782
783
784
785
786
796
797
798
799
800
801
802
803
804
805
806
807
808
809
810
811
812
813
814
815
816
817
818
819
820
828
829
830
831
832
833
834
835
849
850
851
852
853
854
855
856
857
858
859
860
861
862
863
864
865
866
867
868
869
870
871
872
873
874
875
876
877
878
879
880
881
882
883
884
885
893
894
895
896
897
898
899
900
907
908
909
910
911
912
913
914
915
916
917
931
932
933
934
935
936
937
938
939
940
941
942
943
944
971
972
973
974
975
976
977
978
979
980
981
982
983
984
985
986
987
988
989
990
991
992
993
994
995
996
997
998
999
1000
1001
1002
1003
1004
1005
1006
1007
1008
1014
1015
1016
1017
1018
1019
1033
1034
1035
1036
1037
1038
1052
1053
1054
1055
1056
1057
1058
1059
1060
1061
1062
1063
1089
1090
1091
1092
1093
1094
1095
1096
1097
1098
1099
1100
1101
1102
1103
1104
1105
1106
1107
1108
1109
1110
1111
1112
1125
1126
1127
1128
1129
1130
1162
1163
1164
1165
1166
1167
1168
1176
1177
1178
1179
1180
1181
1197
1198
1199
1200
1201
1202
1203
1204
1205
1206
1207
1208
1209
1210
1211
1212
1213
1214
1215
1216
1217
1218
1225
1226
1227
1228
1229
1230
1231
1232
1233
1234
1235
1236
1243
1244
1245
1246
1247
1248
1249
1262
1263
1264
1265
1266
1267
1268
1269
1270
1271
1272
1273
1286
1287
1288
1289
1290
1291
1298
1299
1300
1301
1302
1303
1304
1305
1312
1313
1314
1315
1316
1317
1318
1319
1320
1321
1322
1323
1324
1325
1326
1327
1328
1329
1330
1331
1332
1333
1334
1335
1336
1337
1343
1344
1345
1346
1347
1355
1356
1357
1358
1359
1360
1366
1367
1368
1369
1370
1371
1372
1373
1374
1375
1376
1377
1378
1384
1385
1386
1387
1388
1389
1403
1404
1405
1406
1407
1408
1409
1410
1411
1412
1413
1414
1415
1416
1417
1418
1419
1420
1421
1422
1423
1424
1425
1426
1427
1439
1440
1449
1450
1451
1452
1453
1454
1462
1463
1464
1465
1466
1467
1468
1469
1470
1471
1472
1473
1474
1475
1476
1477
1478
1479
1480
1481
1482
1483
1484
1485
1486
1487
1500
1501
1502
1503
1504
1505
1506
1507
1508
1509
1510
1511
1518
1519
1520
1521
1522
1523
1529
1530
1531
1532
1533
1534
1535
1549
1550
1551
1552
1553
1554
1555
1556
1557
1558
1559
1566
1567
1568
1569
1570
1571
1572
1573
1574
1575
1576
1577
1578
1585
1586
1587
1588
1589
1590
1598
1599
1600
1601
1602
1609
1610
1611
1612
1613
1614
1622
1623
1624
1625
1626
1627
1628
1629
1630
1631
1632
1633
1634
1635
1636
1637
1638
1639
1640
1641
1642
1643
1657
1658
1659
1660
1661
1662
1663
1664
1665
1666
1667
1668
1669
1670
1671
1672
1673
1679
1680
1681
1682
1683
1684
1685
1692
1693
1694
1695
1696
1697
1698
1699
1700
1701
1702
1703
1704
1705
1706
1707
1708
1709
1710
1711
1712
1713
1714
1715
1716
1717
1718
1719
1720
1721
1722
1723
1724
1725
1726
1727
1733
1734
1735
1736
1737
1738
1739
1769
1770
1771
1772
1773
1774
1799
1800
1801
1802
1803
1804
1805
1806
1807
1808
1809
1810
1817
1818
1819
1820
1821
1822
1823
1829
1830
1831
1832
1833
1834
1835
1842
1843
1844
1845
1846
1847
1848
1849
1850
1851
1852
1853
1861
1862
1863
1864
1865
1866
1872
1873
1874
1875
1876
1877
1878
1879
1880
1881
1882
1883
1884
1887
1888
1889
1890
1891
1892
1893
1894
1895
1896
1897
1898
1899
1900
1901
1902
1903
1904
1905
1906
1907
1909
1918
1919
1920
1921
1922
1923
1924
1925
1926
1927
1928
1929
1930
1931
1940
1941
1942
1943
1944
1945
1946
1947
1948
1949
1950
1951
1952
1953
1960
1961
1962
1963
1964
1965
1966
1967
1968
1969
1970
1981
1982
1983
1984
1985
1992
1993
1994
1995
1996
1997
1998
1999
2000
2001
2002
2003
2004
2005
2006
2007
2008
2009
2010
2011
2012
2013
2014
2015
2016
2017
2018
2019
2020
2021
2022
2023
2024
2025
2026
2027
2039
2040
2041
2042
2043
2044
2045
2046
2047
2048
2049
2050
2051
2052
2053
2059
2060
2061
2062
2063
2064
2088
2089
2090
2091
2092
2093
2100
2101
2102
2103
2104
2105
2106
2125
2126
2127
2128
2129
2130
2131
2132
2133
2141
2142
2143
2144
2145
2146
2147
2148
2149
2150
2151
2169
2170
2171
2172
2173
2174
2175
2176
2177
2178
2179
2180
2181
2182
2183
2184
2185
2186
2187
2188
2189
2190
2191
2192
2193
2194
2195
2196
2202
2203
2204
2205
2206
2207
2208
2209
2210
2211
2212
2213
2214
2215
2216
2217
2218
2219
2220
2221
2222
2223
2224
2225
2226
2227
2228
2229
2230
2231
2232
2233
2246
2247
2248
2249
2250
2251
2265
2266
2267
2268
2269
2270
2271
2272
2273
2274
2275
2281
2282
2283
2284
2285
2286
2287
2288
2289
2290
2291
2292
2293
2294
2295
2296
2297
2298
2299
2300
2301
2302
2303
2304
2305
2306
2307
2308
2309
2310
2311
2312
2313
2314
2315
2316
2317
2318
2319
2320
2321
2322
2336
2337
2338
2339
2340
2341
2342
2343
2344
2345
2346
2377
2378
2379
2380
2381
2382
2383
2384
2385
2386
2387
2388
2400
2401
2402
2403
2404
2405
2406
2407
2408
2409
2410
2411
2412
2413
2414
2422
2423
2424
2425
2426
2427
2428
2429
2430
2431
2438
2439
2440
2441
2442
2443
2444
2445
2446
2447
2448
2449
2456
2457
2458
2459
2460
2461
2462
2463
2464
2465
2466
2467
2468
2469
2470
2471
2472
2483
2484
2485
2486
2487
2488
2494
2495
2496
2497
2498
2499
2500
2501
2502
2503
2504
2505
2506
2507
2508
2509
2510
2511
2512
2513
2514
2515
2516
2522
2523
2524
2525
2526
2527
2534
2535
2536
2537
2538
2539
2540
2541
2542
2543
2544
2552
2553
2554
2555
2556
2557
2559
2560
2561
2563
2565
2566
2567
2568
2569
2570
2574
2575
2588
2589
2590
2591
2592
2593
2594
2595
2596
2597
2598
2599
2600
2601
2602
2603
2604
2629
2630
2631
2632
2633
2634
2635
2636
2637
2638
2639
2640
2641
2642
2643
2644
2645
2646
2661
2662
2663
2664
2665
2666
2667
2668
2669
2670
2671
2672
2673
2680
2681
2682
2683
2684
2685
2686
2687
2688
2689
2690
2691
2692
2693
2694
2698
2700
2701
2702
2703
2704
2705
2706
2707
2708
2709
2710
2711
2712
2713
2714
2715
2716
2717
2718
2719
2720
2721
2722
2723
2724
2725
2726
2727
2739
2740
2741
2742
2743
2744
2745
2753
2754
2755
2756
2757
2758
2759
2760
2761
2762
2763
2764
2765
2766
2767
2785
2786
2787
2788
2789
2790
2791
2792
2793
2794
2795
2796
2797
2798
2799
2800
2801
2802
2803
2804
2805
2806
2813
2814
2815
2816
2817
2818
2819
2820
2821
2822
2823
2824
2825
2826
2827
2828
2829
2830
2831
2832
2833
2834
2841
2842
2843
2844
2845
2846
2847
2848
2849
2850
2851
2852
2853
2860
2861
2862
2863
2864
2865
2866
2867
2887
2888
2889
2890
2891
2892
2893
2894
2895
2896
2897
2898
2899
2900
2901
2902
2903
2904
2911
2912
2913
2914
2915
2916
2917
2918
2919
2920
2921
2922
2923
2924
2937
2938
2939
2940
2941
2957
2958
2959
2960
2961
2962
2963
2964
2971
2972
2973
2974
2975
2976
2977
2978
2979
2980
2981
2982
2983
2984
2985
2986
2987
2988
2989
2990
2991
2992
2993
2994
3000
3001
3002
3003
3004
3005
3006
3007
3008
3009
3010
3011
3012
3013
3014
3015
3016
3017
3018
3019
3020
3021
3022
3023
3024
3025
3026
3027
3028
3029
3030
3031
3032
3033
3034
3035
3036
3037
3038
3039
3056
3057
3058
3059
3060
3061
3062
3063
3064
3065
3066
3067
3068
3069
3070
3071
3077
3078
3079
3080
3081
3082
3083
3098
3099
3100
3101
3102
3103
3104
3105
3106
3107
3108
3109
3110
3111
3112
3113
3114
3115
3116
3117
3118
3119
3120
3121
3122
3123
3124
3125
3126
3127
3128
3129
3130
3131
3132
3144
3145
3146
3147
3148
3149
3150
3151
3152
3155
3156
3158
3159
3160
3161
3162
3163
3164
3171
3172
3173
3174
3175
3176
3177
3178
3179
3180
3181
3182
3183
3184
3185
3186
3187
3188
3189
3190
3191
3192
3193
3194
3195
3196
3197
3198
3199
3200
3201
3202
3203
3204
3205
3206
3207
3208
3209
3210
3224
3225
3226
3227
3228
3229
3230
3231
3232
3233
3234
3235
3236
3237
3238
3239
3240
3241
3242
3243
3244
3245
3246
3247
3248
3262
3263
3264
3265
3266
3267
3268
3269
3270
3271
3272
3273
3274
3285
3286
3287
3288
3289
3290
3291
3292
3300
3301
3302
3303
3304
3305
3306
3314
3315
3316
3317
3318
3319
3320
3328
3329
3330
3331
3332
3333
3334
3349
3350
3351
3352
3353
3354
3368
3369
3370
3371
3372
3373
3374
3375
3379
3380
3381
3382
3383
3384
3385
3386
3387
3388
3389
3390
3391
3392
3393
3394
3395
3396
3397
3398
3399
3400
3401
3402
3403
3404
3405
3406
3407
3408
3409
3410
3411
3412
3420
3421
3422
3423
3424
3425
3426
3427
3428
3429
3430
3431
3432
3440
3441
3442
3443
3444
3445
3446
3447
3448
3449
3450
3451
3452
3453
3454
3455
3456
3457
3458
3459
3460
3461
3462
3463
3464
3465
3466
3467
3468
3469
3470
3471
3472
3473
3481
3482
3483
3484
3485
3486
3487
3488
3489
3490
3491
3492
3493
3508
3509
3510
3511
3512
3513
3514
3515
3516
3517
3518
3519
3534
3535
3536
3537
3538
3539
3540
3541
3542
3543
3544
3545
3546
3547
3548
3549
3550
3551
3552
3553
3554
3555
3556
3557
3558
3559
3560
3561
3562
3563
3564
3565
3566
3567
3582
3583
3586
3588
3589
3590
3591
3592
3593
3607
3608
3609
3610
3611
3612
3613
3614
3615
3616
3617
3618
3619
3620
3621
3622
3623
3624
3625
3626
3627
3628
3629
3630
3631
3638
3639
3640
3641
3642
3643
3644
3645
3646
3647
3648
3667
3668
3669
3670
3671
3672
3676
3677
3678
3679
3680
3681
3682
3683
3684
3685
3686
3687
3688
3689
3690
3693
3694
3695
3696
3697
3698
3699
3700
3701
3702
3703
3704
3705
3706
3707
3708
3709
3721
3722
3723
3724
3725
3726
3727
3728
3729
3750
3751
3752
3753
3754
3755
3773
3774
3775
3776
3777
3778
3779
3780
3781
3782
3783
3784
3785
3786
3787
3788
3789
3790
3791
3798
3799
3800
3801
3802
3803
3804
3805
3806
3807
3808
3809
3810
3811
3812
3813
3814
3815
3816
3817
3818
3819
3820
3821
3822
3823
3824
3825
3826
3827
3834
3835
3836
3837
3838
3839
3840
3841
3842
3843
3844
3845
3846
3847
3848
3849
3850
3851
3852
3853
3854
3855
3856
3857
3858
3859
3860
3861
3862
3863
3864
3865
3866
3867
3868
3869
3870
3871
3872
3873
3880
3881
3882
3883
3884
3885
3897
3898
3899
3900
3901
3902
3903
3911
3912
3913
3914
3915
3916
3917
3918
3919
3920
3921
3922
3923
3924
3925
3926
3927
3928
3929
3930
3931
3932
3933
3934
3935
3942
3943
3944
3945
3946
3947
3948
3949
3950
3951
3952
3953
3954
3955
3956
3957
3958
3959
3960
3961
3962
3963
3964
3965
3966
3967
3968
3969
3970
3971
3972
3973
3974
3981
3982
3983
3984
3985
3986
4000
4001
4002
4003
4004
4005
4011
4012
4013
4014
4015
4016
4017
4018
4019
4020
4021
4022
4023
4024
4025
4026
4027
4028
4035
4036
4037
4038
4039
4040
4053
4054
4055
4056
4057
4058
4059
4060
4061
4062
4063
4064
4065
4066
4067
4068
4069
4070
4071
4085
4086
4087
4088
4089
4095
4096
4097
4098
4099
4100
4101
4102
4103
4104
4105
4106
4107
4108
4109
4110
4111
4112
4113
4121
4122
4123
4125
4134
4135
4136
4137
4138
4139
4140
4141
4142
4143
4144
4145
4146
4147
4148
4149
4150
4151
4152
4153
4154
4161
4162
4163
4164
4165
4166
4178
4179
4180
4181
4182
4183
4184
4185
4186
4187
4188
4196
4197
4198
4199
4200
4201
4217
4218
4219
4220
4221
4222
4223
4231
4232
4233
4234
4235
4236
4261
4262
4263
4264
4265
4266
4267
4268
4269
4270
4271
4272
4273
4297
4298
4299
4300
4301
4302
4303
4304
4311
4312
4313
4314
4315
4316
4317
4318
4319
4320
4321
4322
4323
4324
4325
4326
4327
4328
4329
4330
4331
4332
4333
4334
4335
4336
4337
4338
4366
4367
4368
4369
4370
4371
4372
4373
4374
4375
4376
4377
4378
4379
4380
4381
4382
4383
4391
4392
4393
4394
4395
4396
4397
4404
4405
4406
4407
4408
4409
4410
4411
4412
4413
4414
4415
4419
4420
4422
4424
4425
4426
4427
4428
4429
4430
4431
4432
4433
4434
4435
4436
4437
4438
4439
4440
4441
4442
4443
4444
4445
4446
4447
4448
4449
4450
4451
4452
4453
4454
4455
4456
4457
4458
4459
4460
4461
4472
4473
4474
4475
4476
4477
4478
4479
4481
4483
4484
4485
4486
4487
4488
4496
4497
4498
4499
4500
4501
4502
4503
4504
4505
4506
4507
4508
4515
4516
4517
4518
4519
4520
4575
4576
4577
4578
4579
4580
4581
4582
4583
4584
4585
4586
4587
4588
4589
4590
4591
4592
4593
4611
4612
4613
4614
4615
4616
4617
4618
4619
4620
4621
4622
4623
4624
4625
4626
4627
4628
4629
4630
4631
4632
4633
4634
4635
4636
4637
4638
4639
4656
4657
4658
4659
4660
4661
4662
4663
4664
4665
4666
4667
4668
4669
4670
4671
4672
4673
4674
4675
4676
4677
4678
4679
4680
4681
4682
4683
4690
4691
4692
4693
4694
4695
4708
4709
4710
4711
4712
4713
4714
4715
4716
4717
4718
4719
4726
4727
4728
4729
4730
4731
4754
4755
4756
4757
4758
4759
4760
4761
4762
4763
4764
4765
4766
4767
4768
4769
4770
4777
4778
4779
4780
4781
4782
4783
4784
4785
4786
4787
4794
4795
4796
4797
4798
4799
4800
4801
4802
4803
4804
4805
4806
4807
4808
4809
4810
4811
4812
4813
4814
4826
4827
4828
4829
4830
4838
4839
4840
4841
4842
4843
4850
4851
4852
4853
4854
4855
4856
4857
4858
4859
4870
4871
4872
4873
4874
4875
4880
4881
4882
4883
4884
4885
4886
4887
4888
4889
4890
4891
4892
4893
4894
4901
4902
4903
4904
4905
4906
4907
4908
4909
4910
4911
4924
4925
4926
4927
4928
4929
4930
4931
4932
4933
4934
4935
4936
4937
4938
4939
4940
4941
4942
4943
4944
4945
4946
4960
4961
4962
4963
4964
4972
4973
4974
4975
4976
4977
4978
4979
4980
4981
4982
4983
4984
4985
4986
4987
4988
4995
4996
4997
4998
4999
5000
5012
5013
5014
5015
5016
5017
5018
5019
5020
5021
5022
5023
5024
5025
5026
5027
5028
5029
5030
5031
5032
5033
5040
5041
5042
5043
5044
5045
5046
5047
5048
5049
5050
5051
5052
5053
5054
5055
5056
5057
5058
5059
5060
5061
5088
5089
5090
5091
5092
5093
5094
5108
5109
5110
5111
5112
5113
5120
5121
5122
5123
5124
5125
5126
5127
5128
5129
5130
5142
5144
5146
5147
5148
5149
5150
5151
5152
5153
5154
5155
5156
5157
5158
5159
5160
5161
5162
5163
5164
5176
5177
5178
5179
5180
5181
5182
5183
5193
5195
5197
5198
5199
5200
5201
5202
5203
5209
5210
5211
5212
5213
5214
5238
5240
5241
5256
5257
5258
5259
5260
5261
5264
5265
5279
5280
5281
5282
5283
5284
5285
5286
5287
5288
5289
5290
5291
5292
5293
5294
5295
5296
5297
5298
5299
5300
5301
5302
5303
5304
5305
5306
5307
5308
5309
5310
5311
5312
5313
5314
5315
5316
5317
5318
5319
5320
5321
5345
5346
5347
5348
5349
5350
5362
5363
5364
5365
5366
5367
5368
5369
5370
5371
5372
5373
5374
5375
5376
5377
5397
5398
5399
5400
5401
5402
5403
5404
5405
5406
5407
5408
5409
5410
5411
5412
5413
5414
5415
5416
5417
5418
5419
5420
5425
5426
5427
5428
5429
5430
5431
5432
5433
5434
5435
5436
5437
5438
5439
5440
5441
5442
5449
5450
5451
5452
5453
5454
5455
5456
5457
5458
5459
5466
5467
5468
5469
5470
5471
5472
5473
5474
5475
5476
5493
5494
5495
5496
5497
5498
5499
5500
5501
5502
5503
5504
5505
5506
5507
5508
5509
5510
5511
5512
5513
5521
5522
5523
5524
5525
5526
5533
5534
5535
5536
5537
5538
5557
5558
5559
5560
5561
5562
5563
5564
5565
5566
5567
5568
5569
5570
5571
5572
5573
5574
5575
5576
5577
5578
5579
5580
5581
5582
5583
5584
5585
5586
5587
5588
5589
5590
5591
5592
5593
5594
5595
5602
5603
5604
5605
5606
5607
5608
5609
5610
5611
5612
5613
5614
5615
5616
5617
5618
5619
5620
5627
5628
5629
5630
5631
5632
5633
5634
5635
5636
5637
5638
5639
5640
5641
5642
5643
5644
5649
5652
5655
5656
5657
5658
5659
5660
5661
5662
5663
5664
5665
5666
5672
5673
5674
5675
5676
5677
5691
5692
5693
5694
5695
5696
5706
5707
5708
5709
5710
5711
5718
5719
5720
5721
5722
5723
5738
5739
5740
5741
5742
5743
5744
5745
5746
5747
5748
5755
5756
5757
5758
5759
5760
5761
5762
5763
5764
5765
5766
5767
5768
5769
5770
5771
5772
5773
5774
5775
5776
5777
5784
5785
5786
5787
5788
5789
5795
5796
5797
5798
5799
5800
5801
5802
5803
5804
5805
5806
5807
5808
5809
5810
5811
5812
5813
5821
5822
5823
5824
5825
5826
5827
5828
5829
5830
5831
5832
5833
5834
5835
5836
5837
5838
5839
5840
5841
5842
5843
5844
5845
5846
5847
5848
5849
5850
5851
5852
5853
5854
5855
5856
5857
5858
5859
5860
5861
5862
5868
5869
5870
5871
5872
5873
5874
5875
5876
5877
5884
5885
5886
5887
5888
5889
5890
5891
5893
5894
5895
5896
5897
5898
5899
5900
5901
5902
5903
5904
5905
5911
5912
5913
5914
5915
5916
5917
5918
5919
5920
5921
5933
5934
5935
5936
5937
5938
5939
5940
5941
5942
5943
5944
5945
5946
5947
5948
5949
5950
5951
5952
5953
5954
5955
5956
5957
5958
5959
5960
5972
5973
5974
5975
5976
5982
5983
5984
5985
5986
5987
5988
5989
5990
5991
5992
5999
6000
6001
6002
6003
6004
6005
6006
6007
6008
6009
6015
6016
6017
6018
6019
6020
6021
6022
6023
6024
6025
6031
6032
6033
6034
6035
6036
6037
6038
6039
6046
6047
6048
6049
6050
6056
6057
6058
6059
6060
6061
6062
6063
6064
6065
6066
6067
6068
6069
6070
6071
6072
6073
6074
6075
6076
6077
6078
6079
6080
6081
6084
6085
6086
6087
6088
6089
6090
6091
6092
6096
6097
6098
6099
6100
6101
6102
6103
6104
6105
6106
6107
6108
6109
6110
6111
6112
6113
6114
6115
6116
6124
6125
6128
6135
6136
6137
6138
6139
6140
6141
6142
6143
6144
6145
6146
6147
6148
6149
6150
6151
6152
6155
6156
6157
6158
6159
6160
6161
6162
6163
6164
6165
6166
6167
6168
6169
6170
6171
6172
6173
6174
6175
6194
6195
6196
6197
6198
6199
6211
6212
6213
6214
6215
6229
6230
6231
6232
6233
6234
6235
6236
6237
6238
6239
6240
6241
6242
6243
6244
6245
6253
6254
6255
6256
6257
6258
6259
6260
6261
6262
6263
6264
6267
6268
6271
6272
6273
6274
6275
6276
6277
6278
6279
6280
6287
6288
6289
6290
6291
6292
6293
6294
6295
6296
6297
6298
6299
6300
6301
6302
6303
6304
6305
6306
6307
6308
6309
6310
6311
6312
6313
6314
6315
6316
6317
6318
6320
6321
6322
6323
6324
6325
6326
6327
6328
6329
6330
6359
6360
6361
6362
6363
6364
6365
6366
6367
6368
6369
6370
6377
6378
6379
6380
6381
6382
6389
6390
6391
6392
6404
6405
6406
6407
6408
6409
6410
6414
6415
6416
6417
6418
6424
6425
6426
6427
6428
6429
6430
6431
6432
6433
6434
6435
6436
6437
6438
6439
6440
6441
6442
6459
6460
6461
6462
6469
6470
6471
6472
6473
6474
6475
6476
6477
6478
6479
6480
6481
6482
6483
6484
6485
6486
6487
6493
6494
6495
6496
6497
6504
6506
6507
6508
6509
6510
6511
6512
6513
6514
6515
6516
6517
6518
6519
6520
6521
6522
6523
6524
6525
6526
6527
6528
6529
6530
6531
6532
6537
6538
6539
6540
6541
6542
6543
6544
6545
6546
6547
6548
6549
6550
6551
6552
6563
6564
6565
6566
6567
6568
6569
6570
6571
6572
6573
6574
6575
6576
6577
6578
6590
6591
6592
6593
6594
6595
6596
6597
6598
6599
6600
6601
6602
6603
6604
6605
6606
6607
6608
6609
6610
6611
6612
6613
6614
6615
6616
6617
6618
6619
6620
6621
6622
6623
6624
6625
6626
6627
6628
6629
6632
6633
6634
6637
6638
6639
6640
6641
6642
6643
6644
6645
6646
6647
6648
6649
6650
6651
6663
6664
6665
6666
6667
6668
6669
6670
6671
6672
6673
6674
6683
6684
6685
6686
6687
6688
6689
6690
6691
6696
6697
6698
6699
6700
6701
6702
6703
6704
6705
6706
6707
6708
6709
6710
6717
6718
6719
6720
6721
6722
6723
6724
6725
6726
6727
6728
6729
6730
6731
6732
6733
6734
6735
6736
6737
6738
6739
6740
6741
6743
6745
6746
6747
6748
6749
6750
6751
6752
6753
6754
6760
6761
6762
6763
6764
6765
6766
6767
6772
6773
6774
6775
6776
6777
6780
6781
6787
6789
6790
6791
6792
6793
6794
6795
6796
6797
6798
6799
6800
6801
6802
6803
6804
6805
6806
6807
6808
6809
6810
6811
6812
6813
6815
6816
6817
6818
6819
6820
6821
6822
6823
6824
6825
6826
6827
6828
6829
6830
6831
6836
6837
6838
6839
6840
6841
6842
6843
6844
6845
6846
6847
6848
6849
6850
6851
6852
6853
6854
6855
6856
6857
6858
6860
6861
6869
6870
6871
6872
6884
6885
6886
6887
6888
6889
6890
6891
6892
6893
6894
6895
6902
6913
6914
6915
6916
6917
6918
6919
6920
6921
6922
6923
6924
6925
6926
6941
6942
6943
6944
6949
6950
6951
6952
6953
6954
6955
6956
6962
6963
6964
6965
6966
6967
6968
6969
6970
6971
6977
6978
6979
7000
7001
7002
7003
7004
7005
7006
7007
7008
7009
7010
7011
7012
7013
7014
7015
7016
7017
7018
7025
7026
7027
7028
7033
7034
7035
7036
7037
7038
7039
7044
7045
7046
7047
7048
7049
7050
7051
7052
7061
7062
7063
7064
7072
7073
7074
7075
7076
7077
7078
7079
7080
7084
7085
7086
7087
7088
7090
7091
7092
7093
7094
7095
7096
7097
7098
7099
7100
7101
7102
7103
7104
7105
7106
7107
7119
7120
7121
7122
7123
7124
7125
7126
7127
7128
7133
7134
7135
7136
7137
7138
7139
7140
7141
7142
7149
7150
7151
7156
7157
7158
7159
7160
7161
7162
7163
7169
7170
7171
7172
7173
7174
7175
7176
7177
7178
7179
7180
7181
7182
7183
7184
7185
7186
7199
7200
7201
7202
7203
7204
7205
7206
7207
7208
7209
7210
7213
7214
7220
7221
7222
7223
7224
7225
7226
7227
7232
7233
7234
7235
7236
7249
7250
7251
7252
7253
7254
7255
7256
7266
7267
7268
7269
7270
7271
7272
7273
7274
7275
7276
7279
7280
7281
7282
7283
7284
7285
7286
7287
7288
7289
7290
7293
7294
7295
7296
7297
7298
7306
7307
7308
7309
7310
7311
7312
7313
7314
7315
7316
7317
7318
7319
7320
7321
7322
7323
7324
7325
7326
7327
7328
7329
7330
7331
7332
7333
7334
7335
7337
7338
7339
7340
7341
7342
7343
7347
7348
7349
7350
7351
7352
7353
7355
7356
7357
7358
7363
7364
7365
7366
7367
7368
7369
7370
7371
7372
7373
7374
7375
7376
7377
7378
7379
7380
7381
7382
7383
7384
7385
7386
7387
7392
7393
7394
7395
7405
7406
7407
7408
7409
7417
7418
7421
7422
7423
7424
7425
7426
7427
7431
7432
7433
7434
7435
7445
7446
7447
7448
7449
7450
7451
7452
7458
7459
7460
7461
7463
7464
7465
7466
7467
7476
7477
7478
7479
7486
7487
7488
7489
7490
7491
7492
7493
7494
7495
7496
7497
7498
7504
7505
7506
7507
7508
7509
7526
7527
7528
7529
7530
7531
7532
7533
7538
7548
7552
7553
7554
7555
7556
7557
7562
7563
7564
7565
7571
7572
7578
7579
7580
7581
7582
7583
7584
7585
7586
7591
7592
7593
7594
7595
7596
7597
7598
7599
7600
7601
7602
7603
7604
7605
7606
7607
7608
7609
7610
7611
7614
7615
7616
7617
7618
7619
7620
7621
7622
7623
7624
7625
7626
7627
7628
7629
7630
7636
7637
7638
7639
7640
7641
7642
7643
7644
7645
7646
7647
7648
7649
7650
7651
7652
7653
7654
7655
7656
7657
7658
7659
7660
7671
7672
7673
7674
7675
7676
7677
7683
7685
7686
7687
7688
7689
7690
7691
7694
7695
7696
7704
7705
7706
7707
7708
7712
7713
7715
7716
7717
7718
7719
7720
7722
7733
7734
7735
7736
7737
7738
7739
7740
7750
7751
7752
7758
7762
7769
7770
7771
7775
7776
7777
7778
7779
7780
7781
7782
7783
7784
7785
7786
7787
7788
7789
7790
7791
7792
7793
7794
7799
7800
7803
7804
7805
7809
7810
7814
7816
7817
7829
7830
7831
7832
7833
7835
7836
7842
7843
7844
7845
7846
7851
7852
7853
7856
7857
7860
7861
7862
7865
7866
7867
7868
7869
7875
7876
7877
7878
7879
7880
7881
7882
7883
7888
7889
7890
7891
7892
7893
7894
7897
7898
7899
7900
7901
7902
7903
7904
7905
7906
7912
7913
7914
7915
7916
7917
7918
7922
7923
7924
7925
7928
7933
7940
7941
7942
7946
7957
7958
7959
7960
7961
7962
7963
7966
7967
7968
7969
7970
7971
7976
7977
7978
7979
7980
7981
7982
7983
7990
7991
7992
7993
7994
7995
8001
8003
8004
8005
8006
8007
8008
8009
8010
8011
8012
8016
8017
8018
8019
8020
8021
8022
8023
8024
8025
8026
8027
8028
8029
8030
8031
8032
8033
8034
8035
8036
8037
8038
8039
8040
8041
8042
8043
8044
8045
8046
8047
8048
8049
8050
8051
8052
8053
8054
8055
8056
8057
8058
8059
8060
8072
8073
8074
8075
8076
8077
8078
8079
8080
8081
8082
8083
8084
8085
8086
8087
8088
8093
8094
8095
8096
8100
8101
8102
8103
8104
8105
8106
8107
8108
8109
8110
8111
8112
8114
8115
8116
8117
8120
8125
8126
8127
8128
8129
8130
8131
8132
8133
8134
8144
8147
8148
8153
8154
8155
8156
8157
8158
8161
8162
8168
8170
8171
8172
8173
8174
8175
8176
8177
8178
8179
8180
8181
8182
8183
8184
8185
8186
8189
8190
8197
8198
8199
8200
8204
8205
8206
8207
8208
8209
8210
8211
8212
8213
8217
8218
8222
8223
8224
8225
8229
8231
8232
8233
8234
8235
8236
8239
8240
8241
8242
8243
8244
8245
8247
8248
8249
8250
8251
8254
8259
8263
8264
8265
8266
8267
8271
8272
8273
8274
8275
8276
8281
8282
8283
8284
8285
8286
8287
8288
8294
8295
8297
8298
8301
8303
8304
8305
8306
8307
8308
8316
8317
8318
8320
8321
8331
8332
8333
8336
8337
8338
8339
8342
8347
8348
8349
8350
8351
8352
8353
8354
8357
8358
8359
8360
8361
8362
8363
8367
8368
8371
8372
8373
8374
8375
8376
8377
8379
8381
8382
8383
8387
8388
8389
8391
8392
8393
8398
8399
8400
8401
8402
8403
8404
8411
8412
8420
8421
8422
8423
8424
8425
8426
8434
8435
8436
8438
8439
8443
8444
8445
8446
8449
8450
8451
8452
8453
8454
8455
8456
8457
8458
8459
8460
8461
8462
8463
8464
8465
8467
8469
8470
8471
8472
8476
8481
8484
8485
8488
8489
8490
8491
8492
8493
8495
8497
8498
8499
8502
8503
8507
8508
8510
8511
8512
8513
8515
8516
8517
8519
8520
8521
8523
8524
8528
8529
8530
8537
8538
8542
8543
8544
8545
8547
8549
8551
8552
8553
8557
8558
8566
8567
8568
8570
8574
8575
8576
8577
8582
8583
8584
8585
8586
8587
8588
8589
8592
8593
8594
8595
8596
8597
8598
8602
8618
8619
8620
8624
8625
8626
8627
8631
8632
8633
8634
8635
8636
8637
8638
8639
8640
8641
8643
8644
8651
8652
8653
8657
8660
8661
8662
8665
8668
8672
8673
8674
8678
8679
8680
8682
8683
8684
8685
8690
8691
8692
8696
8698
8700
8701
8708
8709
8710
8716
8717
8718
8719
8720
8733
8736
8740
8743
8746
8747
8750
8752
8753
8755
8756
8757
8758
8760
8772
8773
8775
8776
8777
8778
8779
8786
8788
8789
8790
8791
8792
8793
8794
8798
8799
8801
8802
8803
8804
8805
8810
8811
8816
8819
8820
8821
8822
8823
8828
8829
8830
8831
8834
8835
8836
8838
8839
8844
8849
8850
8853
8854
8855
8856
8857
8858
8859
8860
8861
8862
8863
8864
8865
8866
8867
8870
8871
8872
8873
8874
8875
8880
8881
8882
8883
8886
8887
8888
8890
8891
8892
8894
8895
8896
8897
8898
8900
8902
8910
8911
8912
8913
8914
8915
8916
8917
8922
8927
8930
8931
8932
8933
8934
8935
8936
8939
8940
8941
8942
8945
8955
8956
8957
8958
8959
8960
8961
8964
8968
8969
8970
8980
8981
8982
8985
8987
8988
8989
8990
8991
8992
8993
8994
8995
8996
8998
9005
9006
9007
9011
9012
9014
9015
9017
9018
9019
9020
9022
9023
9024
9025
9026
9028
9029
9038
9039
9040
9042
9043
9044
9045
9046
9047
9048
9051
9052
9056
9057
9061
9063
9064
9065
9066
9067
9069
9074
9075
9076
9079
9080
9081
9082
9089
9092
9097
9098
9100
9101
9102
9103
9106
9107
9108
9109
9110
9112
9113
9115
9116
9121
9122
9123
9127
9128
9129
9131
9133
9142
9143
9147
9148
9151
9152
9154
9155
9156
9157
9158
9159
9160
9161
9162
9167
9168
9169
9170
9174
9175
9176
9177
9178
9180
9182
9184
9185
9187
9188
9190
9191
9199
9200
9202
9203
9204
9205
9206
9208
9210
9211
9212
9214
9215
9216
9217
9218
9221
9225
9227
9230
9233
9234
9235
9237
9239
9243
9247
9248
9249
9250
9251
9252
9253
9254
9257
9260
9263
9264
9265
9269
9271
9272
9273
9274
9275
9276
9281
9283
9285
9287
9288
9291
9292
9295
9298
9300
9307
9309
9310
9317
9318
9320
9324
9325
9328
9329
9334
9335
9336
9337
9339
9340
9341
9342
9343
9344
9345
9346
9348
9349
9351
9352
9353
9354
9355
9358
9359
9362
9363
9366
9371
9372
9373
9378
9380
9381
9382
9385
9386
9391
9393
9394
9397
9398
9401
9404
9405
9406
9408
9413
9414
9415
9416
9422
9423
9426
9430
9431
9432
9433
9434
9435
