1268
0
1
2
5
6
8
10
11
100
101
102
103
104
105
106
172
175
183
184
185
186
187
188
189
237
238
239
240
241
242
243
309
310
311
312
313
314
315
404
405
406
407
408
409
410
461
462
463
464
465
466
504
506
507
508
509
510
535
538
544
572
573
574
575
576
577
601
602
607
610
612
684
685
686
687
688
689
709
710
711
712
713
714
853
855
993
994
995
1004
1005
1006
1007
1009
1039
1040
1041
1042
1043
1081
1082
1083
1084
1085
1086
1087
1094
1095
1096
1097
1098
1099
1136
1137
1138
1139
1140
1141
1142
1197
1200
1201
1207
1209
1276
1289
1290
1291
1292
1293
1294
1314
1315
1316
1317
1318
1319
1320
1348
1349
1358
1360
1361
1362
1365
1366
1371
1386
1409
1410
1411
1412
1413
1414
1427
1432
1471
1472
1473
1474
1475
1476
1501
1502
1503
1504
1505
1506
1564
1565
1566
1567
1568
1569
1594
1595
1596
1597
1598
1599
1646
1647
1648
1649
1650
1651
1652
1665
1666
1667
1668
1669
1700
1701
1702
1703
1704
1705
1718
1719
1720
1852
1854
1855
1856
1857
1858
1859
1860
1861
1862
1863
1864
1865
1873
1874
1875
1876
1877
1878
1879
1880
1881
1907
1908
1909
1910
1911
1912
1913
1960
1961
1962
1963
1964
1966
1968
1969
1977
1978
1979
1980
1981
1982
1989
1990
1991
1992
1993
1994
1995
2086
2087
2088
2089
2090
2091
2117
2118
2119
2120
2121
2196
2197
2198
2199
2200
2201
2214
2218
2276
2277
2278
2279
2280
2281
2282
2283
2342
2343
2344
2345
2346
2347
2348
2349
2350
2351
2352
2377
2407
2409
2410
2418
2419
2420
2421
2422
2423
2450
2452
2462
2464
2466
2486
2487
2488
2489
2490
2491
2492
2510
2511
2512
2514
2588
2589
2592
2709
2710
2715
2716
2717
2718
2719
2720
2786
2787
2788
2789
2790
2791
2854
2855
2860
2862
2863
2864
2865
2976
2978
2992
2993
2997
2998
2999
3000
3008
3009
3010
3011
3165
3166
3167
3168
3169
3170
3225
3232
3233
3234
3235
3236
3469
3470
3471
3472
3473
3474
3478
3479
3480
3481
3558
3559
3560
3561
3562
3563
3680
3681
3682
3683
3684
3685
3686
3751
3752
3753
3754
3755
3756
3758
3759
3760
3761
3769
3771
3772
3800
3801
3802
3803
3805
3806
3807
3833
3834
3838
3839
3854
3855
3900
3901
3902
3903
3904
3905
3966
3967
3968
3969
3970
4041
4042
4043
4044
4045
4046
4053
4054
4055
4056
4057
4058
4101
4102
4103
4104
4105
4106
4114
4115
4116
4124
4125
4126
4127
4128
4129
4130
4148
4149
4150
4153
4154
4155
4156
4157
4158
4159
4178
4179
4180
4181
4182
4183
4205
4206
4252
4253
4254
4255
4256
4257
4258
4259
4260
4266
4267
4268
4269
4270
4271
4322
4323
4324
4325
4326
4327
4328
4371
4376
4377
4378
4379
4380
4381
4382
4433
4434
4435
4436
4437
4438
4439
4464
4465
4534
4535
4536
4557
4558
4559
4560
4561
4562
4572
4573
4574
4575
4600
4601
4602
4603
4629
4630
4631
4632
4633
4634
4659
4660
4661
4662
4663
4664
4697
4698
4699
4700
4701
4702
4703
4716
4717
4718
4719
4720
4721
4722
4723
4724
4725
4726
4727
4728
4752
4753
4754
4755
4756
4757
4758
4759
4760
4761
4762
4763
4764
4765
4783
4784
4785
4786
4787
4819
4820
4821
4822
4823
4824
4825
4826
4827
4828
4829
4830
4831
4834
4842
4843
4844
4845
4846
4847
4860
4861
4864
4866
4875
4876
4891
4892
4893
4894
4895
4896
4918
4919
4920
4921
4922
4923
4924
4925
4926
4927
4928
4929
4930
4937
4938
4939
4940
4941
4942
5110
5111
5112
5113
5114
5115
5172
5174
5186
5187
5190
5191
5192
5193
5195
5324
5325
5326
5327
5328
5329
5330
5388
5389
5390
5391
5392
5393
5394
5396
5397
5398
5399
5400
5403
5404
5406
5407
5409
5438
5439
5440
5441
5442
5443
5480
5481
5482
5483
5484
5485
5494
5495
5496
5497
5498
5499
5500
5501
5550
5551
5552
5553
5554
5555
5566
5567
5568
5569
5570
5571
5596
5598
5599
5600
5601
5602
5621
5623
5624
5625
5626
5699
5700
5709
5710
5711
5712
5713
5714
5793
5794
5795
5796
5797
5810
5814
5828
5831
5947
5951
5952
5953
5954
5955
5956
5957
5958
6045
6046
6047
6048
6049
6050
6057
6058
6060
6061
6123
6124
6125
6126
6127
6128
6151
6152
6153
6154
6161
6162
6163
6164
6165
6172
6173
6174
6175
6176
6246
6247
6248
6249
6250
6272
6273
6274
6275
6276
6277
6278
6296
6297
6298
6299
6300
6301
6318
6319
6320
6321
6322
6328
6329
6330
6331
6332
6421
6422
6423
6442
6443
6444
6445
6446
6454
6455
6456
6514
6515
6516
6517
6518
6562
6563
6564
6565
6566
6649
6655
6656
6657
6670
6671
6675
6680
6682
6683
6701
6702
6703
6704
6705
6706
6707
6731
6732
6733
6734
6754
6802
6803
6804
6806
6934
6935
6936
6937
6950
6951
6952
6953
6954
6955
7061
7062
7063
7065
7076
7077
7078
7079
7080
7081
7147
7148
7149
7253
7254
7255
7256
7277
7278
7279
7280
7281
7303
7305
7306
7355
7356
7357
7358
7359
7360
7361
7465
7469
7481
7482
7484
7527
7528
7531
7532
7541
7594
7595
7596
7597
7629
7631
7632
7633
7646
7649
7650
7656
7657
7658
7697
7699
7711
7712
7713
7757
7758
7759
7760
7808
7809
7810
7811
7812
7813
7849
7857
7898
7899
7902
7932
7933
7934
7935
7936
7953
7954
7955
7956
7957
7958
7959
8152
8153
8154
8167
8169
8170
8171
8212
8213
8214
8215
8216
8223
8224
8257
8273
8274
8275
8281
8282
8307
8330
8331
8332
8342
8343
8344
8345
8368
8369
8380
8381
8386
8388
8389
8390
8391
8392
8400
8401
8402
8403
8404
8409
8410
8422
8426
8436
8437
8438
8439
8440
8442
8444
8445
8446
8447
8450
8452
8453
8459
8460
8463
8464
8488
8489
8490
8519
8520
8521
8531
8532
8533
8534
8543
8544
8545
8559
8560
8578
8679
8688
8689
8690
8691
8692
8707
8715
8795
8798
8814
8820
8821
8855
8856
8857
8858
8868
8895
8896
8897
8900
8902
8906
8908
8909
8910
8944
8945
8946
8999
9000
9001
9007
9011
9018
9019
9020
9021
9025
9026
9027
9028
9041
9042
9043
9073
9074
9077
9078
9085
9086
9115
9127
9140
9141
9142
9152
9168
9179
9185
9186
9187
9188
9204
9215
9216
9223
9224
9237
9238
9250
9251
9252
9263
9264
9268
9320
9321
9322
9323
9324
9325
9326
9332
9333
9334
9335
9349
9350
9354
9355
9382
9383
9384
9390
9405
9406
9407
9410
9412
9413
9414
9415
9418
9434
9442
9443
9444
9476
9480
9481
9482
9483
9484
9485
9490
9491
9501
9502
9509
9510
9535
9553
9554
9555
9558
9559
9560
9571
9572
9579
9580
9581
9582
9584
9585
9586
9589
9590
9598
9599
9607
9608
9609
9611
9614
9615
9636
9637
9651
9652
9662
9663
9664
9672
9677
9713
9714
9721
9747
9748
9749
9761
9767
9772
9796
9805
9806
9810
9813
9814
9840
9845
9848
9871
9872
9885
9886
9887
9888
9891
9892
9910
9922
9924
9932
9940
9942
9947
9948
9950
9951
9958
9984
9990
9991
9994
9995
10000
10004
10005
10007
10010
10019
10020
10021
10029
10039
10040
10061
10067
10073
10089
10101
10102
10105
10106
10110
10116
10117
10118
10130
10135
10136
10147
10163
10178
10182
10183
10184
10189
10190
10191
10193
10196
10197
10199
10201
10203
10206
10207
10210
10212
10217
10218
10219
10220
10225
10233
10235
